STATIONS_ID;MESS_DATUM;QN_3;  FX;  FM;QN_4; RSK;RSKF; SDK;SHK_TAG;  NM; VPM;  PM; TMK; UPM; TXK; TNK; TGK;eor
       3126;20241121;   10;  11.6;   3.6;    9;   0.8;   8;    1.400;   0;   6.4;   5.5;  986.10;    2.1;   78.00;    3.8;    1.3;   -0.8;eor
       3126;20241122;   10;  10.6;   3.8;    9;   0.3;   6;    2.300;   0;   5.8;   5.8;  988.90;    2.2;   81.00;    4.2;    0.3;   -1.8;eor
       3126;20241123;   10;  11.2;   4.2;    9;   3.3;   6;    5.400;   0;   3.0;   5.8; 1006.10;    3.1;   75.00;    6.0;    0.3;   -1.7;eor
       3126;20241124;   10;  11.7;   4.9;    9;   0.0;   6;    0.000;   0;   7.1;   9.5; 1000.60;   10.9;   73.00;   15.6;    3.4;    2.2;eor
       3126;20241125;   10;  10.0;   4.0;    9;   0.5;   6;    0.300;   0;   7.7;   9.9;  998.50;   12.9;   67.00;   15.7;    9.5;    7.5;eor
       3126;20241126;   10;   8.7;   2.6;    9;   0.0;   6;    3.300;   0;   6.1;   9.4; 1006.70;    9.2;   81.00;   11.8;    6.2;    1.9;eor
       3126;20241127;   10;  11.6;   3.4;    9;   1.9;   6;    2.200;   0;   6.4;   8.9; 1006.70;    7.5;   86.00;   11.0;    3.3;   -0.9;eor
       3126;20241128;   10;  20.5;   6.7;    9;   1.9;   6;    0.000;   0;   7.4;   8.1; 1004.60;    6.7;   82.00;    9.9;    5.5;    4.4;eor
       3126;20241129;   10;   6.9;   1.6;    9;   0.0;   0;    0.000;   0;   7.4;   7.1; 1022.70;    5.3;   80.00;    6.3;    0.5;   -3.4;eor
       3126;20241130;   10;   7.6;   2.5;    9;   0.0;   0;    6.400;   0;   2.3;   5.9; 1021.00;    1.5;   86.00;    5.6;   -1.4;   -4.8;eor
       3126;20241201;   10;   6.0;   2.1;    9;   0.0;   0;    6.400;   0;   0.3;   5.4; 1013.00;    0.4;   86.00;    5.5;   -3.9;   -7.0;eor
       3126;20241202;   10;   8.4;   3.0;    9;   0.1;   6;    0.900;   0;   6.6;   7.6; 1004.60;    5.1;   85.00;    9.1;   -0.2;   -2.5;eor
       3126;20241203;   10;   7.9;   2.5;    9;   1.6;   6;    0.000;   0;   5.9;   8.0; 1004.80;    5.3;   90.00;    8.4;    2.5;   -1.6;eor
       3126;20241204;   10;   8.1;   2.5;    9;   0.8;   6;    0.000;   0;   7.6;   7.6; 1012.40;    4.3;   92.00;    5.0;    3.5;    1.1;eor
       3126;20241205;   10;  11.0;   3.7;    9;  10.3;   6;    5.000;   0;   4.9;   6.0; 1009.50;    2.8;   81.00;    5.6;   -0.7;   -4.0;eor
       3126;20241206;   10;   9.4;   3.3;    9;   2.8;   6;    0.000;   0;   7.3;   8.6;  993.00;    6.3;   90.00;    9.4;    3.6;    2.5;eor
       3126;20241207;   10;   9.2;   3.5;    9;   5.1;   6;    0.000;   0;   7.5;   7.9;  993.90;    4.9;   91.00;    6.9;    3.5;    1.4;eor
       3126;20241208;   10;   8.8;   2.2;    9;   2.4;   6;    0.000;   0;   7.4;   7.6; 1000.40;    3.7;   95.00;    5.7;    0.6;   -2.5;eor
       3126;20241209;   10;  10.3;   3.1;    9;   2.4;   6;    0.000;   0;   7.6;   7.6; 1013.60;    4.0;   93.00;    5.2;    2.3;    1.8;eor
       3126;20241210;   10;   8.5;   2.6;    9;   0.5;   6;    0.000;   0;   7.9;   7.2; 1019.70;    3.5;   91.00;    4.6;    2.6;    2.1;eor
       3126;20241211;   10;   4.0;   1.3;    9;   0.0;   6;-999;   0;   8.0;   6.7; 1020.30;    2.8;   89.00;    3.7;    2.1;    1.6;eor
       3126;20241212;   10;   4.1;   1.2;    9;   0.3;   6;-999;   0;   7.9;   6.7; 1021.40;    2.3;   92.00;    3.0;    1.8;    1.3;eor
       3126;20241213;   10;   7.6;   2.6;    9;   0.0;   0;-999;   0;   6.0;   5.6; 1019.40;    0.6;   87.00;    2.0;   -1.7;   -3.4;eor
       3126;20241214;   10;  11.8;   3.6;    9;   0.5;   8;-999;   0;   7.5;   5.8; 1006.90;    1.3;   86.00;    4.0;   -1.7;   -2.0;eor
       3126;20241215;   10;  15.5;   5.9;    9;   0.7;   6;-999;   0;   7.5;   8.4; 1010.10;    6.4;   87.00;    9.9;    3.9;    2.7;eor
       3126;20241216;   10;  18.4;   7.2;    9;   0.2;   6;-999;   0;   7.5;  10.5; 1013.50;   10.6;   82.00;   11.8;    9.4;    8.4;eor
       3126;20241217;   10;  12.0;   4.2;    9;   0.0;   0;-999;   0;   7.1;   9.1; 1014.80;    8.9;   80.00;   10.2;    4.8;    1.4;eor
       3126;20241218;   10;  11.4;   4.0;    9;   0.1;   6;-999;   0;   7.6;   9.1; 1003.40;    9.5;   76.00;   12.9;    5.2;    3.3;eor
       3126;20241219;   10;  12.3;   5.0;    9;   4.8;   6;-999;   0;   7.3;  10.2;  988.80;   10.5;   80.00;   14.4;    5.3;    3.9;eor
       3126;20241220;   10;  13.6;   5.2;    9;   0.0;   6;-999;   0;   4.3;   6.8; 1003.30;    5.0;   78.00;    6.9;    2.6;    0.2;eor
       3126;20241221;   10;  11.6;   4.7;    9;   1.8;   6;-999;   0;   7.4;   7.5; 1001.30;    5.7;   81.00;    8.0;    2.9;    1.1;eor
       3126;20241222;   10;  10.8;   4.3;    9;   1.4;   6;-999;   0;   6.8;   7.7;  987.00;    5.7;   83.00;    8.8;    3.3;    2.3;eor
       3126;20241223;   10;  12.5;   4.2;    9;   0.0;   6;-999;   0;   4.5;   6.7;  997.40;    3.8;   83.00;    6.4;    1.5;   -0.6;eor
       3126;20241224;   10;   7.6;   2.2;    9;   0.0;   6;-999;   0;   4.2;   6.7; 1014.80;    3.0;   88.00;    6.3;    0.4;   -2.7;eor
       3126;20241225;   10;   3.8;   1.4;    9;   0.9;   6;-999;   0;   7.8;   8.3; 1023.80;    5.0;   94.00;    6.9;    1.6;   -1.7;eor
       3126;20241226;   10;   5.1;   1.5;    9;   0.1;   4;-999;   0;   8.0;   9.2; 1027.20;    5.8;  100.00;    7.2;    3.0;    2.9;eor
       3126;20241227;   10;   4.1;   1.6;    9;   0.0;   0;-999;   0;   8.0;   6.8; 1024.70;    1.5;  100.00;    3.1;   -0.8;   -0.5;eor
       3126;20241228;   10;   3.4;   1.2;    9;   0.0;   0;-999;   0;   8.0;   5.3; 1019.70;   -1.7;   99.00;   -0.6;   -2.9;   -2.8;eor
       3126;20241229;   10;   9.6;   2.4;    9;   0.0;   0;-999;   0;   5.8;   5.6; 1017.10;   -0.3;   93.00;    3.1;   -3.9;   -5.7;eor
       3126;20241230;   10;  11.4;   3.3;    9;   0.0;   0;-999;   0;   5.6;   6.3; 1016.70;    2.3;   87.00;    4.7;   -1.6;   -4.9;eor
       3126;20241231;   10;  11.0;   2.4;    9;   0.0;   0;-999;   0;   2.7;   5.4; 1013.60;    0.5;   86.00;    3.8;   -3.7;   -6.7;eor
       3126;20250101;   10;  16.1;   6.3;    9;   0.4;   6;-999;   0;   8.0;   7.0; 1000.80;    6.1;   74.00;    8.4;    2.4;    0.9;eor
       3126;20250102;   10;  13.5;   4.1;    9;   0.0;   8;-999;   0;   4.0;   6.7;  998.60;    4.2;   80.00;    8.2;    1.6;   -1.6;eor
       3126;20250103;   10;  17.9;   5.6;    9;   1.9;   8;-999;   0;   5.1;   5.6; 1002.40;    1.7;   81.00;    3.8;   -0.7;   -2.9;eor
       3126;20250104;   10;   8.5;   2.5;    9;   0.0;   0;-999;   1;   4.7;   4.9; 1007.50;   -0.7;   85.00;    1.0;   -3.7;   -9.2;eor
       3126;20250105;   10;   9.0;   2.9;    9;  10.4;   8;-999;   1;   6.6;   5.4;  992.70;   -0.9;   92.00;    6.0;   -4.1;   -8.9;eor
       3126;20250106;   10;  17.5;   5.1;    9;   0.3;   6;-999;   0;   5.5;   9.0;  980.30;    9.8;   74.00;   13.1;    5.7;    1.9;eor
       3126;20250107;   10;  17.4;   4.5;    9;   1.6;   8;-999;   0;   4.7;   6.5;  988.10;    4.9;   75.00;    8.0;    0.8;   -2.0;eor
       3126;20250108;   10;  10.8;   3.6;    9;   3.6;   8;-999;   0;   3.7;   5.7;  992.00;    2.3;   79.00;    4.9;    0.1;   -3.5;eor
       3126;20250109;   10;  10.0;   2.7;    9;  14.0;   8;-999;   0;   7.6;   6.2;  989.10;    0.8;   96.00;    1.6;    0.5;    0.0;eor
       3126;20250110;   10;  12.7;   5.0;    9;   2.3;   8;-999;   6;   6.3;   6.0; 1001.90;    1.6;   88.00;    2.9;    0.0;   -3.1;eor
       3126;20250111;   10;  12.9;   4.3;    9;   0.0;   0;-999;   4;   6.0;   4.9; 1009.80;    0.4;   78.00;    2.2;   -1.4;   -4.0;eor
       3126;20250112;   10;   9.9;   2.9;    9;   0.0;   0;-999;   4;   5.2;   4.8; 1023.90;   -0.9;   84.00;    1.6;   -4.4;   -9.9;eor
       3126;20250113;   10;   7.9;   1.6;    9;   0.0;   7;-999;   4;   6.8;   4.3; 1031.10;   -2.5;   85.00;    0.0;   -5.3;  -10.5;eor
       3126;20250114;   10;   9.2;   2.4;    9;   0.2;   6;-999;   4;   7.2;   4.5; 1021.60;   -1.2;   80.00;    3.5;   -6.5;  -11.3;eor
       3126;20250115;   10;   7.2;   2.0;    9;   0.1;   6;-999;   2;   7.8;   7.5; 1020.70;    3.2;   97.00;    4.4;    2.4;    0.9;eor
       3126;20250116;   10;   5.0;   1.7;    9;   0.0;   0;-999;   0;   8.0;   6.9; 1027.00;    2.1;   96.00;    3.1;   -0.4;   -0.2;eor
       3126;20250117;   10;   4.6;   1.7;    9;   0.0;   0;-999;   0;   8.0;   5.7; 1027.60;   -0.9;   99.00;   -0.1;   -2.2;   -1.9;eor
       3126;20250118;   10;   3.7;   1.3;    9;   0.0;   8;-999;   0;   8.0;   5.2; 1023.10;   -2.0;   99.00;   -1.0;   -2.8;   -2.5;eor
       3126;20250119;   10;   4.1;   1.3;    9;   0.0;   8;-999;   0;   5.2;   5.4; 1014.40;   -1.4;   98.00;    0.4;   -2.4;   -4.7;eor
       3126;20250120;   10;   5.1;   1.3;    9;   0.0;   7;-999;   0;   4.5;   5.3; 1008.60;   -1.5;   96.00;   -0.4;   -4.0;   -5.9;eor
       3126;20250121;   10;   5.3;   1.6;    9;   0.0;   0;-999;   0;   8.0;   5.2; 1007.80;   -1.3;   94.00;   -0.7;   -2.7;   -2.6;eor
       3126;20250122;   10;   7.1;   2.3;    9;   0.4;   6;-999;   0;   6.4;   5.5;  999.90;    0.1;   90.00;    3.9;   -3.2;   -3.2;eor
       3126;20250123;   10;  11.7;   3.9;    9;   0.9;   6;-999;   0;   7.2;   6.5;  993.70;    3.9;   80.00;    6.7;    2.1;    0.5;eor
       3126;20250124;   10;  10.6;   3.8;    9;   2.4;   6;-999;   0;   5.5;   7.6;  996.90;    5.6;   83.00;    8.6;    1.8;   -1.0;eor
       3126;20250125;   10;  10.3;   3.2;    9;   6.6;   6;-999;   0;   7.7;   9.4;  995.70;    9.8;   78.00;   14.6;    6.2;    5.5;eor
       3126;20250126;   10;   8.7;   2.3;    9;   0.5;   6;-999;   0;   7.5;   8.6;  995.50;    5.8;   93.00;   10.0;    3.1;    0.5;eor
       3126;20250127;   10;  10.4;   3.5;    9;   1.6;   6;-999;   0;   7.4;   8.9;  987.00;    8.2;   81.00;   12.2;    4.3;    2.7;eor
       3126;20250128;   10;   5.9;   2.5;    9;   0.0;   0;-999;   0;   6.2;   8.4;  987.20;    6.3;   88.00;    8.6;    4.0;   -0.4;eor
       3126;20250129;   10;  14.6;   3.6;    9;   0.7;   6;-999;   0;   6.9;   7.9;  992.70;    6.6;   81.00;   10.1;    3.8;    0.2;eor
       3126;20250130;   10;   8.4;   2.3;    9;   3.6;   6;-999;   0;   7.0;   8.1; 1004.10;    5.6;   89.00;    7.9;    2.5;   -2.1;eor
       3126;20250131;   10;  10.0;   3.2;    9;   0.0;   0;-999;   0;   7.1;   6.6; 1015.80;    4.1;   81.00;    5.9;    2.8;    0.2;eor
       3126;20250201;   10;   4.4;   1.4;    9;   0.0;   0;-999;   0;   5.4;   6.0; 1021.90;    1.4;   90.00;    6.3;   -2.7;   -4.1;eor
       3126;20250202;   10;   3.5;   1.1;    9;   0.0;   0;-999;   0;   6.3;   5.0; 1017.30;   -1.1;   89.00;    4.5;   -4.2;   -5.6;eor
       3126;20250203;   10;   4.3;   1.3;    9;   0.0;   0;-999;   0;   0.3;   5.0; 1017.60;   -0.6;   86.00;    4.8;   -4.5;   -7.3;eor
       3126;20250204;   10;   3.8;   1.2;    9;   0.0;   0;-999;   0;   0.6;   5.1; 1018.00;   -0.6;   87.00;    5.6;   -4.8;   -7.1;eor
       3126;20250205;   10;   6.0;   1.9;    9;   0.0;   6;-999;   0;   6.8;   6.2; 1025.40;    1.7;   89.00;    4.1;   -3.7;   -6.4;eor
       3126;20250206;   10;   7.8;   1.8;    9;   0.0;   6;-999;   0;   8.0;   7.2; 1030.90;    3.4;   92.00;    5.1;    1.8;    0.5;eor
       3126;20250207;   10;  10.6;   3.7;    9;   0.0;   0;-999;   0;   7.7;   5.9; 1024.10;    2.8;   79.00;    3.7;    1.9;    0.6;eor
       3126;20250208;   10;   7.1;   2.6;    9;   0.0;   0;-999;   0;   4.8;   5.6; 1017.40;    2.7;   75.00;    6.7;   -0.2;   -2.6;eor
       3126;20250209;   10;   6.0;   2.0;    9;   0.0;   0;-999;   0;   3.1;   5.2; 1020.00;    0.1;   84.00;    3.7;   -3.6;   -5.6;eor
       3126;20250210;   10;   8.0;   2.6;    9;   0.0;   0;-999;   0;   6.0;   5.2; 1019.60;    0.4;   83.00;    2.6;   -1.1;   -2.8;eor
       3126;20250211;   10;   8.6;   2.6;    9;   0.0;   0;-999;   0;   6.0;   4.3; 1015.60;    0.7;   68.00;    4.1;   -2.4;   -3.7;eor
       3126;20250212;   10;   7.5;   2.7;    9;   0.5;   8;-999;   0;   7.3;   4.4; 1010.30;   -0.9;   76.00;    0.3;   -1.8;   -2.0;eor
       3126;20250213;   10;   6.3;   2.1;    9;   3.2;   7;-999;   0;   7.5;   4.8; 1007.70;   -2.0;   91.00;   -0.3;   -3.0;   -3.0;eor
       3126;20250214;   10;   7.7;   2.1;    9;   0.0;   7;-999;   5;   7.9;   5.6; 1015.10;    0.5;   88.00;    2.4;   -0.5;   -2.0;eor
       3126;20250215;   10;   4.8;   1.1;    9;   0.1;   7;-999;   1;   6.5;   4.9; 1014.90;   -0.3;   83.00;    2.0;   -3.1;   -8.6;eor
       3126;20250216;   10;   6.5;   1.4;    9;   4.9;   7;-999;   1;   7.8;   4.8; 1014.10;   -1.9;   91.00;   -0.4;   -7.2;   -4.4;eor
       3126;20250217;   10;   3.4;   1.0;    9;   0.0;   0;-999;   7;   0.3;   2.9; 1016.80;   -6.8;   80.00;    0.6;  -12.7;  -10.7;eor
       3126;20250218;   10;   3.4;   1.0;    9;   0.0;   0;-999;   5;   0.0;   2.8; 1020.00;   -6.6;   77.00;    0.3;  -12.8;  -11.1;eor
       3126;20250219;   10;   8.1;   2.2;    9;   0.0;   0;-999;   4;   0.0;   3.1; 1019.90;   -3.8;   68.00;    3.3;  -12.1;  -13.1;eor
       3126;20250220;   10;   8.8;   3.2;    9;   0.0;   6;-999;   4;   3.7;   4.3; 1015.40;   -0.3;   70.00;    4.6;   -6.2;  -13.2;eor
       3126;20250221;   10;   6.2;   2.1;    9;   0.0;   0;-999;   1;   4.8;   8.4; 1012.90;    6.5;   86.00;   13.2;    1.7;   -0.7;eor
       3126;20250222;   10;   8.6;   3.3;    9;   0.0;   0;-999;   0;   6.5;   7.5; 1008.80;    6.3;   79.00;   11.3;    2.1;    0.3;eor
       3126;20250223;   10;   7.9;   2.3;    9;   0.0;   0;-999;   0;   3.3;   9.3; 1016.20;    8.8;   82.00;   13.6;    2.7;   -2.0;eor
       3126;20250224;   10;   9.4;   3.1;    9;   2.2;   6;-999;   0;   7.3;   8.7; 1011.00;    8.2;   80.00;   13.3;    2.6;   -1.9;eor
       3126;20250225;   10;   5.2;   1.7;    9;   1.5;   6;-999;   0;   6.0;   9.8; 1004.30;    9.5;   84.00;   14.1;    7.0;    3.4;eor
       3126;20250226;   10;   7.9;   1.9;    9;   2.6;   6;-999;   0;   7.9;   9.5; 1003.50;    7.1;   94.00;    8.8;    5.9;    4.8;eor
       3126;20250227;   10;   8.5;   2.3;    9;   2.6;   6;-999;   0;   6.5;   7.5; 1006.10;    4.7;   88.00;    8.5;    0.2;   -2.5;eor
       3126;20250228;   10;   7.6;   2.0;    9;   0.6;   6;-999;   0;   7.0;   7.3; 1011.90;    3.8;   91.00;    7.0;    0.1;   -2.2;eor
       3126;20250301;   10;   6.8;   2.0;    9;   0.0;   0;-999;   0;   5.0;   7.0; 1020.70;    4.0;   86.00;    8.9;    0.0;   -3.3;eor
       3126;20250302;   10;   7.3;   2.3;    9;   0.0;   0;-999;   0;   3.7;   6.3; 1023.10;    3.8;   80.00;    9.3;    0.0;   -3.4;eor
       3126;20250303;   10;   6.6;   2.0;    9;   0.0;   0;-999;   0;   2.1;   5.8; 1018.90;    4.0;   73.00;   10.7;   -0.9;   -4.1;eor
       3126;20250304;   10;   6.4;   1.9;    9;   0.0;   0;-999;   0;   3.4;   5.7; 1015.70;    5.2;   68.00;   13.2;   -2.1;   -4.7;eor
       3126;20250305;   10;   6.8;   1.9;    9;   0.0;   0;-999;   0;   0.0;   6.1; 1013.40;    6.8;   65.00;   16.9;   -1.8;   -5.2;eor
       3126;20250306;   10;   6.6;   1.8;    9;   0.0;   0;-999;   0;   1.0;   6.6; 1010.00;    8.3;   64.00;   17.7;   -1.0;   -4.5;eor
       3126;20250307;   10;   5.7;   1.6;    9;   0.0;   0;-999;   0;   2.6;   6.9; 1008.90;    8.5;   66.00;   19.1;    0.5;   -2.9;eor
       3126;20250308;   10;   5.9;   1.7;    9;   0.0;   0;-999;   0;   2.4;   6.8; 1005.70;    9.0;   63.00;   18.5;    0.3;   -2.9;eor
       3126;20250309;   10;   4.4;   1.4;    9;   0.0;   0;-999;   0;   0.0;   7.1;  997.20;    8.0;   68.00;   17.3;    0.9;   -2.9;eor
       3126;20250310;   10;   5.8;   1.6;    9;   0.0;   0;-999;   0;   0.1;   7.5;  990.90;    8.0;   73.00;   17.5;    0.0;   -3.3;eor
       3126;20250311;   10;   7.2;   1.8;    9;   0.3;   6;-999;   0;   2.8;   7.8;  990.60;    6.0;   84.00;   13.1;   -0.1;   -3.7;eor
       3126;20250312;   10;   6.1;   1.5;    9;   0.0;   0;-999;   0;   7.0;   6.8;  989.50;    6.1;   73.00;    9.2;    2.6;   -0.9;eor
       3126;20250313;   10;   4.6;   1.3;    9;   0.0;   0;-999;   0;   6.2;   5.9;  988.60;    4.0;   74.00;    8.2;   -0.9;   -4.1;eor
       3126;20250314;   10;   7.6;   1.9;    9;   0.0;   0;-999;   0;   5.0;   5.6;  997.30;    4.3;   69.00;    9.7;    0.2;   -4.2;eor
       3126;20250315;   10;   7.6;   2.4;    9;   0.0;   0;-999;   0;   3.8;   6.3; 1008.40;    2.4;   87.00;    6.3;   -1.4;   -5.0;eor
       3126;20250316;   10;   7.1;   2.1;    9;   0.0;   0;-999;   0;   3.5;   5.6; 1010.10;    3.5;   75.00;   10.1;   -2.8;   -5.7;eor
       3126;20250317;   10;   9.4;   2.7;    9;   0.0;   0;-999;   0;   2.0;   4.3; 1018.90;    3.6;   55.00;    8.1;   -2.8;   -7.8;eor
       3126;20250318;   10;   5.6;   1.3;    9;   0.0;   0;-999;   0;   0.0;   3.2; 1021.00;    2.3;   49.00;    9.9;   -5.6;   -9.4;eor
       3126;20250319;   10;   5.5;   1.7;    9;   0.0;   0;-999;   0;   0.0;   4.1; 1016.90;    5.4;   49.00;   14.7;   -4.0;   -8.5;eor
       3126;20250320;   10;   4.3;   1.4;    9;   0.0;   0;-999;   0;   1.5;   5.4; 1013.10;    8.6;   52.00;   18.7;   -1.8;   -6.1;eor
       3126;20250321;   10;   9.4;   2.2;    9;   0.0;   0;-999;   0;   0.3;   6.4; 1009.30;   11.0;   52.00;   19.8;    1.1;   -3.9;eor
       3126;20250322;   10;  14.6;   4.4;    9;   0.0;   0;-999;   0;   1.2;   6.2; 1001.70;   11.7;   46.00;   17.5;    6.9;    4.4;eor
       3126;20250323;   10;   8.2;   2.4;    9;   0.0;   0;-999;   0;   5.8;   7.7;  996.70;   10.6;   60.00;   15.5;    6.5;    2.7;eor
       3126;20250324;   10;   4.2;   1.4;    9;   0.0;   6;-999;   0;   3.8;   8.8; 1002.10;   10.5;   70.00;   16.7;    3.5;   -0.8;eor
       3126;20250325;   10;   8.1;   2.0;    9;   0.4;   6;-999;   0;   6.7;   8.6; 1007.60;    7.6;   82.00;    9.8;    5.1;    0.9;eor
       3126;20250326;   10;   8.5;   2.4;    9;   0.0;   6;-999;   0;   6.0;   8.9; 1010.00;    8.3;   82.00;   12.2;    3.5;   -1.0;eor
       3126;20250327;   10;   5.1;   1.6;    9;   0.0;   0;-999;   0;   3.6;   8.0; 1011.20;    7.5;   79.00;   13.7;    2.1;   -2.4;eor
       3126;20250328;   10;   6.2;   2.0;    9;   0.0;   0;-999;   0;   1.7;   7.1; 1002.70;    8.5;   69.00;   17.7;    0.3;   -4.4;eor
       3126;20250329;   10;  11.1;   2.8;    9;   0.0;   0;-999;   0;   4.7;   7.5; 1004.30;    8.0;   71.00;   14.2;    1.8;   -4.4;eor
       3126;20250330;   10;  16.1;   4.2;    9;   3.0;   6;-999;   0;   5.4;   7.8; 1001.70;    6.9;   77.00;   12.1;    1.1;   -4.7;eor
       3126;20250331;   10;  11.7;   3.3;    9;   0.2;   6;-999;   0;   7.6;   8.2; 1011.40;    7.6;   79.00;   10.3;    3.7;   -0.6;eor
       3126;20250401;   10;   8.3;   2.5;    9;   0.0;   0;-999;   0;   2.7;   7.3; 1018.10;    8.2;   69.00;   14.7;    1.4;   -2.5;eor
       3126;20250402;   10;   9.2;   2.7;    9;   0.0;   0;-999;   0;   0.5;   7.6; 1017.10;    9.4;   67.00;   17.1;    1.6;   -1.5;eor
       3126;20250403;   10;   7.3;   1.7;    9;   0.0;   0;-999;   0;   0.5;   7.1; 1016.30;   10.7;   59.00;   20.2;    0.8;   -3.2;eor
       3126;20250404;   10;   4.8;   1.4;    9;   0.0;   0;-999;   0;   1.1;   9.2; 1010.60;   13.2;   63.00;   21.5;    4.2;   -0.2;eor
       3126;20250405;   10;  11.6;   3.7;    9;   0.0;   0;-999;   0;   2.2;   6.1; 1009.70;    8.4;   57.00;   13.3;    2.1;   -0.3;eor
       3126;20250406;   10;   9.3;   2.4;    9;   0.0;   0;-999;   0;   1.3;   4.3; 1016.60;    3.5;   57.00;    9.3;   -2.8;   -7.6;eor
       3126;20250407;   10;   9.0;   2.1;    9;   0.0;   0;-999;   0;   4.1;   5.3; 1015.60;    7.4;   53.00;   14.1;    0.9;   -2.9;eor
       3126;20250408;   10;   4.4;   1.3;    9;   0.0;   0;-999;   0;   6.6;   7.0; 1016.60;    8.7;   63.00;   14.0;    1.7;   -3.6;eor
       3126;20250409;   10;   8.9;   2.1;    9;   0.0;   0;-999;   0;   5.8;   7.8; 1012.50;   11.0;   61.00;   16.0;    5.3;    2.3;eor
       3126;20250410;   10;   9.4;   2.5;    9;   0.0;   0;-999;   0;   4.0;   8.0; 1013.90;    8.9;   71.00;   15.4;    3.1;   -2.0;eor
       3126;20250411;   10;  13.1;   3.6;    9;   0.0;   0;-999;   0;   5.9;   8.8; 1007.30;   11.2;   67.00;   17.3;    6.0;    2.9;eor
       3126;20250412;   10;   5.6;   1.5;    9;   0.0;   0;-999;   0;   3.8;   9.7; 1003.60;   12.9;   67.00;   19.7;    7.2;    2.2;eor
       3126;20250413;   10;  12.7;   2.9;    9;   1.1;   6;-999;   0;   6.1;  11.6;  995.80;   14.2;   73.00;   22.1;    6.2;    1.9;eor
       3126;20250414;   10;   5.6;   1.8;    9;   0.0;   0;-999;   0;   2.4;  10.7;  999.40;   14.9;   67.00;   21.4;    7.9;    3.1;eor
       3126;20250415;   10;  12.0;   3.1;    9;   0.1;   6;-999;   0;   5.9;  12.9;  992.70;   16.3;   70.00;   20.7;   10.2;    6.8;eor
       3126;20250416;   10;   7.9;   2.0;    9;   0.0;   0;-999;   0;   3.1;  13.1;  996.80;   18.2;   66.00;   25.7;    9.2;    4.2;eor
       3126;20250417;   10;   7.7;   2.5;    9;   0.5;   6;-999;   0;   7.0;  12.0;  997.30;   11.4;   89.00;   13.5;    9.3;    8.0;eor
       3126;20250418;   10;   8.2;   2.7;    9;  22.2;   6;-999;   0;   7.8;  11.0; 1000.30;    9.5;   93.00;   10.9;    8.0;    7.4;eor
       3126;20250419;   10;   5.1;   1.7;    9;   1.1;   6;-999;   0;   6.6;   9.7;  999.70;    8.5;   88.00;   10.7;    5.8;    2.2;eor
       3126;20250420;   10;   7.2;   1.4;    9;   0.6;   6;-999;   0;   4.7;  10.7;  997.00;   12.0;   78.00;   20.3;    3.3;    2.8;eor
       3126;20250421;   10;  10.5;   2.1;    9;   4.1;   6;-999;   0;   4.7;  12.4; 1000.40;   14.9;   75.00;   20.9;    9.4;    5.4;eor
       3126;20250422;   10;   7.2;   1.9;    9;   0.0;   6;-999;   0;   6.3;  12.7; 1006.50;   13.2;   84.00;   17.8;   10.1;    7.7;eor
       3126;20250423;   10;   6.3;   1.7;    9;   0.0;   0;-999;   0;   6.6;  12.3; 1006.00;   14.8;   75.00;   20.3;    9.7;    7.5;eor
       3126;20250424;   10;   9.0;   3.2;    9;   0.0;   0;-999;   0;   7.8;  10.4; 1005.50;   13.4;   69.00;   18.3;    9.4;    6.9;eor
       3126;20250425;   10;   9.0;   2.9;    9;   0.0;   0;-999;   0;   5.1;   9.9; 1010.10;   10.8;   77.00;   15.6;    7.2;    3.2;eor
       3126;20250426;   10;   9.5;   2.5;    9;   0.0;   0;-999;   0;   0.2;   7.3; 1014.70;   11.0;   59.00;   17.8;    2.8;   -1.0;eor
       3126;20250427;   10;   8.7;   2.2;    9;   0.0;   0;-999;   0;   0.0;   6.6; 1016.70;   11.6;   51.00;   19.3;    2.7;   -1.5;eor
       3126;20250428;   10;   4.6;   1.3;    9;   0.0;   0;-999;   0;   1.3;   7.6; 1016.20;   13.2;   54.00;   21.1;    3.1;   -0.6;eor
       3126;20250429;   10;   6.5;   1.7;    9;   0.0;   0;-999;   0;   2.3;  10.5; 1015.30;   15.4;   62.00;   22.7;    6.7;    2.2;eor
       3126;20250430;   10;   5.8;   1.5;    9;   0.0;   0;-999;   0;   0.7;  12.0; 1013.50;   16.7;   66.00;   24.0;    8.6;    4.6;eor
       3126;20250501;   10;   6.7;   1.9;    9;   0.0;   0;-999;   0;   1.2;  12.1; 1010.30;   18.0;   62.00;   25.4;    8.3;    4.5;eor
       3126;20250502;   10;  16.6;   2.5;    9;   9.4;   6;-999;   0;   5.6;  13.9; 1003.50;   19.2;   67.00;   28.8;   11.9;    7.6;eor
       3126;20250503;   10;  10.0;   1.8;    9;   0.1;   6;-999;   0;   4.9;  11.9;  999.20;   13.1;   79.00;   15.5;    9.6;    8.2;eor
       3126;20250504;   10;   9.3;   3.0;    9;   0.0;   6;-999;   0;   5.5;   8.2; 1000.40;   10.1;   68.00;   14.3;    4.7;    1.3;eor
       3126;20250505;   10;   8.8;   2.5;    9;   0.0;   0;-999;   0;   4.6;   7.7; 1007.00;    9.5;   67.00;   15.3;    3.4;   -0.7;eor
       3126;20250506;   10;   8.5;   1.9;    9;   0.0;   0;-999;   0;   3.1;   7.8; 1008.20;   10.4;   63.00;   16.9;    1.2;   -2.7;eor
       3126;20250507;   10;   9.6;   2.6;    9;   0.0;   0;-999;   0;   6.4;   7.0; 1009.50;   12.0;   53.00;   17.9;    6.1;    1.9;eor
       3126;20250508;   10;   7.7;   1.9;    9;   0.0;   0;-999;   0;   6.2;   6.5; 1009.30;   11.0;   52.00;   16.6;    3.6;    0.3;eor
       3126;20250509;   10;   6.5;   1.6;    9;   0.0;   0;-999;   0;   1.3;   7.5; 1010.70;   12.4;   56.00;   19.6;    3.5;   -0.8;eor
       3126;20250510;   10;   9.0;   2.3;    9;   0.0;   0;-999;   0;   2.8;   9.4; 1010.60;   15.0;   57.00;   21.1;    6.5;    2.5;eor
       3126;20250511;   10;   9.5;   2.2;    9;   0.0;   0;-999;   0;   2.5;   9.2; 1008.40;   14.8;   58.00;   21.3;    6.6;    3.7;eor
       3126;20250512;   10;   8.0;   2.2;    9;   0.0;   0;-999;   0;   1.0;   7.4; 1007.60;   13.5;   50.00;   19.9;    5.0;    1.2;eor
       3126;20250513;   10;   7.8;   1.6;    9;   0.0;   0;-999;   0;   1.8;   7.3; 1009.70;   13.6;   52.00;   21.4;    3.9;   -0.1;eor
       3126;20250514;   10;   9.5;   2.5;    9;   0.0;   0;-999;   0;   5.0;   9.1; 1004.70;   15.9;   52.00;   22.3;    7.7;    4.0;eor
       3126;20250515;   10;  12.2;   3.6;    9;   0.0;   6;-999;   0;   4.9;   8.1; 1006.20;   13.1;   56.00;   18.4;    7.7;    3.3;eor
       3126;20250516;   10;   8.3;   2.0;    9;   3.3;   6;-999;   0;   4.1;   9.8; 1006.70;   10.8;   76.00;   17.0;    5.6;    2.7;eor
       3126;20250517;   10;  11.9;   2.6;    9;   1.6;   6;-999;   0;   4.9;  10.0; 1003.60;   12.7;   70.00;   19.9;    6.6;    4.0;eor
       3126;20250518;   10;  13.2;   2.8;    9;   0.7;   6;-999;   0;   6.2;  10.3; 1003.70;   13.2;   70.00;   18.5;    9.1;    6.9;eor
       3126;20250519;   10;   7.6;   2.0;    9;   0.0;   0;-999;   0;   7.8;  11.7; 1008.30;   14.5;   71.00;   17.7;   10.6;    8.6;eor
       3126;20250520;   10;   7.3;   1.8;    9;   0.0;   0;-999;   0;   3.5;  12.8; 1006.20;   17.5;   66.00;   23.4;   10.1;    7.1;eor
       3126;20250521;   10;  11.8;   3.4;    9;   0.0;   0;-999;   0;   4.8;   9.6; 1000.70;   16.2;   54.00;   21.5;    9.8;    7.3;eor
       3126;20250522;   10;  17.3;   3.3;    9;   0.2;   6;-999;   0;   5.1;   7.7; 1000.80;   10.4;   62.00;   16.2;    5.6;    0.8;eor
       3126;20250523;   10;  13.4;   3.5;    9;   7.6;   6;-999;   0;   2.9;   8.2; 1004.00;    9.1;   71.00;   14.2;    4.0;   -0.4;eor
       3126;20250524;   10;   9.2;   3.2;    9;   4.6;   6;-999;   0;   6.0;   8.9; 1005.30;   12.6;   63.00;   19.0;    6.2;    3.9;eor
       3126;20250525;   10;   9.6;   3.5;    9;   5.0;   6;-999;   0;   6.9;  14.5; 1000.40;   14.5;   87.00;   17.8;   10.5;    9.8;eor
       3126;20250526;   10;  10.0;   2.4;    9;   0.0;   0;-999;   0;   6.5;  12.0; 1005.20;   15.8;   69.00;   20.8;   10.7;    6.3;eor
       3126;20250527;   10;  10.8;   3.3;    9;   5.2;   6;-999;   0;   6.8;  11.9; 1006.30;   16.5;   64.00;   21.0;   10.3;    6.4;eor
       3126;20250528;   10;  12.5;   3.4;    9;   2.8;   6;-999;   0;   6.8;  15.2; 1002.00;   16.1;   83.00;   20.4;   11.8;   10.1;eor
       3126;20250529;   10;   8.5;   2.9;    9;   0.6;   6;-999;   0;   5.6;  12.4; 1010.30;   14.7;   75.00;   19.2;    9.8;    8.3;eor
       3126;20250530;   10;  10.9;   3.2;    9;   0.0;   0;-999;   0;   3.8;  16.5; 1008.40;   20.1;   71.00;   25.2;   14.4;   12.6;eor
       3126;20250531;   10;   9.3;   1.5;    9;   0.3;   6;-999;   0;   3.9;  17.4; 1007.50;   21.4;   70.00;   27.1;   13.8;   10.5;eor
       3126;20250601;   10;   9.1;   2.5;    9;   1.0;   6;-999;   0;   6.0;  17.8; 1003.30;   19.9;   77.00;   25.9;   14.3;   11.1;eor
       3126;20250602;   10;   7.6;   2.0;    9;   0.0;   0;-999;   0;   4.0;  13.5; 1004.80;   17.6;   69.00;   23.3;   12.3;    9.5;eor
       3126;20250603;   10;  10.3;   2.4;    9;   0.0;   0;-999;   0;   1.6;  12.4; 1003.40;   18.2;   62.00;   24.9;    9.2;    5.3;eor
       3126;20250604;   10;  10.2;   2.7;    9;   6.9;   6;-999;   0;   6.0;  17.4;  998.50;   18.9;   79.00;   23.1;   14.2;   10.6;eor
       3126;20250605;   10;  13.6;   2.7;    9;   4.4;   6;-999;   0;   7.1;  15.2; 1000.20;   17.1;   79.00;   21.3;   14.0;   11.6;eor
       3126;20250606;   10;  13.5;   4.0;    9;   0.5;   6;-999;   0;   5.4;  14.1;  998.60;   18.0;   70.00;   22.0;   13.8;   10.8;eor
       3126;20250607;   10;  14.4;   2.6;    9;   7.3;   6;-999;   0;   6.5;  15.0;  999.10;   16.4;   81.00;   21.1;   12.3;    9.5;eor
       3126;20250608;   10;  17.4;   4.9;    9;   2.1;   6;-999;   0;   6.8;  12.7;  999.70;   14.5;   77.00;   17.9;   11.4;   10.1;eor
       3126;20250609;   10;  11.0;   3.1;    9;   0.2;   6;-999;   0;   5.0;  11.6; 1011.30;   13.9;   74.00;   19.5;    9.8;    7.0;eor
       3126;20250610;   10;  10.7;   3.3;    9;   3.6;   6;-999;   0;   6.5;  13.6; 1005.30;   14.8;   81.00;   18.7;   10.7;    7.0;eor
       3126;20250611;   10;   8.8;   2.6;    9;   0.0;   0;-999;   0;   3.6;  11.9; 1010.60;   15.7;   69.00;   20.9;   10.2;    6.6;eor
       3126;20250612;   10;   7.8;   2.1;    9;   0.0;   0;-999;   0;   0.2;  11.3; 1012.80;   18.1;   58.00;   25.3;    8.4;    4.6;eor
       3126;20250613;   10;   9.4;   2.9;    9;   0.0;   0;-999;   0;   0.4;  10.9; 1014.40;   20.6;   46.00;   27.5;   12.2;    8.5;eor
       3126;20250614;   10;   8.6;   2.4;    9;   0.0;   0;-999;   0;   1.1;  13.6; 1010.10;   22.9;   52.00;   31.3;   11.9;    7.9;eor
       3126;20250615;   10;  10.1;   2.2;    9;   3.2;   6;-999;   0;   4.9;  17.9; 1008.00;   21.0;   72.00;   27.0;   16.0;   13.8;eor
       3126;20250616;   10;   8.6;   2.4;    9;   0.0;   0;-999;   0;   5.2;  14.3; 1014.60;   17.8;   71.00;   23.9;   13.1;    9.7;eor
       3126;20250617;   10;   7.8;   1.6;    9;   0.0;   0;-999;   0;   3.1;  15.3; 1014.80;   20.3;   67.00;   27.2;   11.6;    8.2;eor
       3126;20250618;   10;   9.9;   2.0;    9;   0.0;   0;-999;   0;   2.8;  15.8; 1011.60;   22.0;   62.00;   27.5;   15.2;   11.9;eor
       3126;20250619;   10;   9.3;   2.4;    9;   0.0;   0;-999;   0;   2.5;  12.5; 1014.30;   17.9;   63.00;   23.5;   10.2;    7.3;eor
       3126;20250620;   10;   7.0;   1.6;    9;   0.0;   0;-999;   0;   0.3;  10.7; 1016.10;   16.8;   60.00;   24.8;    8.8;    6.8;eor
       3126;20250621;   10;   5.6;   1.2;    9;   0.0;   0;-999;   0;   0.5;  11.2; 1012.90;   20.9;   50.00;   29.4;    9.8;    6.8;eor
       3126;20250622;   10;  10.0;   2.3;    9;   0.4;   6;-999;   0;   2.4;  13.0; 1005.40;   25.0;   45.00;   33.5;   12.6;    9.4;eor
       3126;20250623;   10;  16.2;   4.2;    9;   0.0;   6;-999;   0;   5.0;  15.0;  999.70;   20.8;   61.00;   26.2;   13.7;   11.4;eor
       3126;20250624;   10;  12.9;   4.6;    9;   0.0;   0;-999;   0;   6.9;  12.1; 1001.50;   18.6;   57.00;   24.1;   12.9;   11.0;eor
       3126;20250625;   10;  11.8;   3.5;    9;   0.0;   0;-999;   0;   4.3;  16.9; 1001.50;   22.1;   64.00;   27.8;   16.3;   13.3;eor
       3126;20250626;   10;  15.8;   2.6;    9;   3.7;   6;-999;   0;   5.5;  17.9; 1002.50;   21.6;   71.00;   31.6;   14.8;   12.4;eor
       3126;20250627;   10;   9.6;   3.3;    9;   4.0;   6;-999;   0;   7.5;  15.7; 1010.00;   18.5;   74.00;   20.7;   15.4;   13.7;eor
       3126;20250628;   10;  11.0;   3.0;    9;   0.0;   0;-999;   0;   3.9;  17.6; 1012.50;   22.4;   66.00;   28.8;   14.2;   12.5;eor
       3126;20250629;   10;  10.8;   3.0;    9;   0.0;   0;-999;   0;   2.0;  18.5; 1012.00;   23.6;   64.00;   28.9;   15.4;   11.1;eor
       3126;20250630;   10;   6.5;   1.6;    9;   0.0;   0;-999;   0;   0.8;  10.5; 1012.10;   20.1;   49.00;   28.2;   11.1;    8.5;eor
       3126;20250701;   10;   6.6;   1.5;    9;   0.0;   0;-999;   0;   0.0;  11.4; 1008.00;   24.5;   42.00;   34.4;   12.1;    9.3;eor
       3126;20250702;   10;  14.1;   1.7;    9;   0.4;   6;-999;   0;   0.3;  13.5; 1004.50;   28.2;   40.00;   37.7;   16.4;   12.0;eor
       3126;20250703;   10;  11.8;   2.7;    9;   0.2;   6;-999;   0;   3.8;  13.9; 1011.70;   20.8;   58.00;   24.8;   13.2;    9.9;eor
       3126;20250704;   10;   8.2;   1.7;    9;   0.0;   0;-999;   0;   3.5;  10.6; 1015.30;   18.6;   52.00;   24.8;   11.5;    8.3;eor
       3126;20250705;   10;  11.7;   2.6;    9;   0.2;   6;-999;   0;   5.3;  10.3; 1005.70;   20.8;   44.00;   28.4;   12.1;    8.0;eor
       3126;20250706;   10;  12.6;   3.6;    9;   0.0;   6;-999;   0;   7.1;  12.6;  997.80;   20.9;   52.00;   26.9;   15.7;   13.2;eor
       3126;20250707;   10;   9.2;   2.2;    9;  10.5;   6;-999;   0;   7.4;  15.3;  993.10;   17.8;   76.00;   22.6;   14.2;   13.2;eor
       3126;20250708;   10;   9.8;   2.7;    9;   0.0;   6;-999;   0;   6.3;  12.1; 1000.30;   16.4;   67.00;   20.9;   12.0;   10.5;eor
       3126;20250709;   10;   9.9;   2.6;    9;   0.0;   6;-999;   0;   7.6;  13.8; 1007.20;   17.5;   70.00;   20.9;   13.5;   10.3;eor
       3126;20250710;   10;   8.6;   2.2;    9;   0.0;   0;-999;   0;   6.9;  13.3; 1009.60;   18.9;   63.00;   25.3;   12.9;    9.7;eor
       3126;20250711;   10;  12.1;   2.4;    9;   2.6;   6;-999;   0;   5.0;  13.9; 1006.10;   19.6;   64.00;   25.9;   14.3;   12.0;eor
       3126;20250712;   10;   7.8;   2.3;    9;  12.6;   6;-999;   0;   7.4;  17.4; 1000.50;   17.1;   89.00;   20.1;   15.8;   15.0;eor
       3126;20250713;   10;   7.7;   1.6;    9;   0.1;   6;-999;   0;   5.8;  16.6; 1000.20;   19.2;   77.00;   24.5;   16.0;   13.6;eor
       3126;20250714;   10;   8.4;   1.8;    9;   0.3;   6;-999;   0;   6.0;  16.7; 1002.90;   22.1;   65.00;   27.9;   14.2;   12.2;eor
       3126;20250715;   10;  10.8;   2.4;    9;   7.8;   6;-999;   0;   6.8;  16.7; 1006.00;   19.1;   76.00;   22.9;   15.3;   12.7;eor
       3126;20250716;   10;  11.4;   2.4;    9;   0.1;   6;-999;   0;   6.7;  14.1; 1002.60;   17.9;   70.00;   22.3;   13.7;   11.0;eor
       3126;20250717;   10;  11.7;   3.3;    9;   5.7;   6;-999;   0;   5.6;  16.6; 1003.50;   16.6;   87.00;   18.5;   13.4;   11.0;eor
       3126;20250718;   10;   8.1;   1.6;    9;   0.0;   6;-999;   0;   7.0;  18.5; 1003.90;   19.8;   81.00;   24.1;   15.8;   13.6;eor
       3126;20250719;   10;   7.1;   1.5;    9;   0.0;   0;-999;   0;   2.3;  16.3; 1001.00;   22.3;   65.00;   29.9;   14.3;   11.9;eor
       3126;20250720;   10;  12.2;   1.8;    9;   0.0;   6;-999;   0;   5.6;  17.3;  996.10;   25.0;   57.00;   31.5;   16.5;   14.4;eor
       3126;20250721;   10;   4.7;   1.4;    9;  10.8;   6;-999;   0;   7.7;  18.8;  996.20;   19.5;   83.00;   21.5;   15.8;   14.0;eor
       3126;20250722;   10;  14.4;   3.8;    9;   4.7;   6;-999;   0;   7.0;  16.3;  997.10;   18.4;   78.00;   23.7;   14.5;   12.2;eor
       3126;20250723;   10;  14.5;   5.0;    9;   0.0;   6;-999;   0;   7.6;  16.6;  999.30;   20.5;   69.00;   24.2;   17.1;   15.8;eor
       3126;20250724;   10;   7.4;   2.0;    9;   0.0;   4;-999;   0;   6.3;  16.6; 1002.50;   21.1;   68.00;   26.3;   16.1;   14.1;eor
       3126;20250725;   10;   7.8;   2.0;    9;   0.0;   6;-999;   0;   7.6;  19.0; 1004.80;   20.5;   79.00;   24.5;   17.4;   16.4;eor
       3126;20250726;   10;   7.6;   1.3;    9;   0.0;   0;-999;   0;   6.5;  15.3; 1005.30;   19.7;   68.00;   25.2;   14.9;   12.3;eor
       3126;20250727;   10;   7.3;   1.4;    9;   1.4;   6;-999;   0;   7.7;  17.1; 1001.30;   18.6;   80.00;   24.1;   14.0;   12.0;eor
       3126;20250728;   10;  10.6;   2.5;    9;   0.0;   6;-999;   0;   6.3;  15.7; 1001.90;   18.2;   77.00;   23.0;   15.0;   13.1;eor
       3126;20250729;   10;-999;-999;    9;   0.0;   6;-999;   0;   4.6;  13.4; 1004.50;   17.9;   67.00;   23.0;   13.5;   10.4;eor
       3126;20250730;   10;  10.0;   2.6;    9;   0.1;   6;-999;   0;   4.8;  12.2; 1004.30;   17.6;   62.00;   23.3;   11.9;    8.3;eor
       3126;20250731;   10;  11.5;   3.3;    9;   1.0;   6;-999;   0;   7.8;  14.1; 1002.20;   17.9;   70.00;   21.4;   15.0;   13.4;eor
       3126;20250801;   10;  10.4;   2.4;    9;   1.1;   6;-999;   0;   6.9;  16.0;  999.10;   17.9;   79.00;   23.0;   15.3;   14.0;eor
       3126;20250802;   10;   8.9;   2.9;    9;   0.0;   0;-999;   0;   4.5;  14.6; 1000.80;   18.5;   70.00;   24.1;   14.2;   11.8;eor
       3126;20250803;   10;  11.3;   3.5;    9;   5.9;   6;-999;   0;   6.8;  14.5; 1005.80;   16.5;   78.00;   20.0;   14.0;   11.8;eor
       3126;20250804;   10;  10.5;   3.5;    9;   1.8;   6;-999;   0;   6.1;  15.2; 1005.30;   20.2;   67.00;   25.9;   14.8;   14.1;eor
       3126;20250805;   10;  10.0;   3.1;    9;   0.7;   6;-999;   0;   5.8;  14.9; 1006.10;   18.5;   70.00;   23.0;   12.9;   10.8;eor
       3126;20250806;   10;  10.2;   3.1;    9;   0.0;   0;-999;   0;   2.0;  11.7; 1012.40;   17.1;   62.00;   23.2;   12.0;    9.0;eor
       3126;20250807;   10;   8.7;   1.9;    9;   0.0;   0;-999;   0;   6.8;  12.1; 1008.30;   20.1;   55.00;   27.4;   11.9;    9.1;eor
       3126;20250808;   10;  11.0;   2.5;    9;   0.0;   0;-999;   0;   7.5;  14.8; 1007.70;   22.1;   57.00;   27.9;   16.2;   12.1;eor
       3126;20250809;   10;   8.1;   1.6;    9;   0.0;   0;-999;   0;   1.3;  15.5; 1009.50;   22.3;   61.00;   30.8;   13.5;   10.4;eor
       3126;20250810;   10;   9.1;   2.2;    9;   0.0;   0;-999;   0;   2.0;  13.5; 1015.60;   20.0;   60.00;   26.1;   13.0;    9.1;eor
       3126;20250811;   10;   6.0;   1.2;    9;   0.0;   0;-999;   0;   0.0;  11.5; 1014.80;   20.4;   53.00;   28.9;   10.8;    6.9;eor
       3126;20250812;   10;   7.8;   1.9;    9;   0.0;   0;-999;   0;   1.3;  12.6; 1009.30;   22.9;   50.00;   31.6;   12.5;    8.8;eor
       3126;20250813;   10;   6.0;   1.2;    9;   0.0;   0;-999;   0;   1.0;  14.1; 1006.00;   24.9;   49.00;   34.9;   14.7;   11.4;eor
       3126;20250814;   10;   6.1;   1.4;    9;   0.0;   0;-999;   0;   1.4;  15.8; 1008.30;   26.8;   50.00;   36.0;   15.8;   12.8;eor
       3126;20250815;   10;   9.5;   1.9;    9;   0.0;   0;-999;   0;   1.3;  18.4; 1009.80;   25.9;   56.00;   32.9;   18.4;   15.0;eor
       3126;20250816;   10;   9.2;   2.3;    9;   0.0;   0;-999;   0;   3.1;  15.1; 1011.20;   20.0;   66.00;   25.5;   12.8;   10.5;eor
       3126;20250817;   10;   7.0;   2.1;    9;   0.0;   0;-999;   0;   5.6;  11.9; 1010.10;   16.8;   64.00;   23.6;   12.1;    8.4;eor
       3126;20250818;   10;   5.3;   1.6;    9;   0.0;   0;-999;   0;   0.7;  12.2; 1010.40;   19.3;   58.00;   26.6;   10.0;    5.9;eor
       3126;20250819;   10;   5.5;   1.3;    9;   0.0;   0;-999;   0;   0.0;  13.2; 1004.50;   21.2;   56.00;   29.0;   12.0;    8.1;eor
       3126;20250820;   10;   8.3;   2.3;    9;   0.0;   0;-999;   0;   2.5;  13.7; 1001.20;   19.3;   63.00;   25.0;   13.2;   11.5;eor
       3126;20250821;   10;   9.1;   2.5;    9;   0.0;   0;-999;   0;   2.0;  10.3; 1001.00;   18.3;   51.00;   24.4;   11.4;    8.3;eor
       3126;20250822;   10;  10.0;   2.5;    9;   0.0;   0;-999;   0;   4.9;  10.5; 1005.40;   15.2;   62.00;   19.2;   10.1;    7.2;eor
       3126;20250823;   10;  14.2;   2.9;    9;   0.9;   6;-999;   0;   5.2;  11.2; 1006.00;   14.6;   68.00;   19.9;   10.8;    8.1;eor
       3126;20250824;   10;   9.4;   2.4;    9;   0.0;   6;-999;   0;   3.2;  10.6; 1009.50;   13.8;   69.00;   20.4;    8.1;    3.3;eor
       3126;20250825;   10;   8.7;   2.1;    9;   0.0;   0;-999;   0;   4.6;  10.3; 1007.80;   15.5;   62.00;   22.6;    8.5;    3.4;eor
       3126;20250826;   10;   6.6;   1.5;    9;   0.0;   6;-999;   0;   5.6;  11.7; 1003.20;   18.3;   58.00;   25.8;    9.6;    6.1;eor
       3126;20250827;   10;  12.9;   2.1;    9;   2.8;   6;-999;   0;   4.9;  14.2;  998.70;   22.9;   53.00;   30.8;   16.4;   14.4;eor
       3126;20250828;   10;   5.5;   1.5;    9;   4.8;   6;-999;   0;   7.5;  19.9;  995.30;   19.0;   90.00;   22.0;   16.4;   14.8;eor
       3126;20250829;   10;   4.9;   1.2;    9;   0.8;   6;-999;   0;   5.8;  17.5;  993.80;   18.1;   85.00;   21.9;   14.1;   10.9;eor
       3126;20250830;   10;   7.8;   2.0;    9;   0.0;   0;-999;   0;   5.0;  14.7;  997.90;   18.5;   72.00;   24.5;   13.9;   10.8;eor
       3126;20250831;   10;   8.9;   2.2;    9;   0.0;   0;-999;   0;   1.1;  13.8; 1001.50;   19.8;   63.00;   27.4;   11.4;    8.1;eor
       3126;20250901;   10;  10.6;   2.3;    9;   0.0;   6;-999;   0;   4.8;  15.0;  999.00;   19.5;   68.00;   27.6;   13.9;   10.5;eor
       3126;20250902;   10;  10.1;   1.3;    9;   0.0;   6;-999;   0;   6.3;  15.3;  999.70;   19.5;   69.00;   24.6;   14.6;    9.9;eor
       3126;20250903;   10;  11.8;   3.5;    9;   0.0;   0;-999;   0;   3.5;  14.0; 1000.70;   19.5;   63.00;   25.4;   11.9;    7.8;eor
       3126;20250904;   10;  10.0;   3.1;    9;  14.3;   6;-999;   0;   4.2;  14.8; 1002.10;   22.6;   56.00;   28.5;   15.1;   11.7;eor
       3126;20250905;   10;   9.6;   2.2;    9;   0.1;   6;-999;   0;   5.0;  15.9; 1008.00;   18.1;   77.00;   22.5;   12.6;    9.8;eor
       3126;20250906;   10;   5.6;   1.4;    9;   0.0;   0;-999;   0;   1.3;  13.3; 1014.40;   16.9;   72.00;   23.8;   10.5;    7.9;eor
       3126;20250907;   10;   8.0;   2.1;    9;   0.0;   0;-999;   0;   2.3;  12.5; 1011.40;   17.6;   65.00;   24.3;    9.9;    7.2;eor
       3126;20250908;   10;   8.1;   1.6;    9;   0.0;   0;-999;   0;   3.1;  13.0; 1007.80;   17.4;   68.00;   25.2;    9.8;    6.9;eor
       3126;20250909;   10;   5.9;   1.5;    9;   0.0;   0;-999;   0;   4.0;  15.3; 1004.70;   17.5;   77.00;   23.2;    9.8;    7.2;eor
       3126;20250910;   10;   5.7;   1.6;    9;   0.0;   6;-999;   0;   5.3;  15.1; 1000.10;   17.7;   75.00;   22.5;   13.4;   10.2;eor
       3126;20250911;   10;  13.4;   3.3;    9;   4.9;   6;-999;   0;   4.0;  14.1;  997.40;   15.9;   78.00;   22.6;   10.4;    6.6;eor
       3126;20250912;   10;  10.8;   3.5;    9;   1.5;   6;-999;   0;   5.1;  12.5; 1005.40;   15.4;   73.00;   20.6;   10.8;    7.0;eor
       3126;20250913;   10;   9.2;   2.4;    9;   0.3;   6;-999;   0;   5.8;  12.2; 1006.80;   15.3;   72.00;   21.9;    9.0;    5.6;eor
       3126;20250914;   10;  10.1;   2.4;    9;   6.5;   6;-999;   0;   4.4;  11.9; 1003.70;   15.5;   69.00;   20.2;   11.3;    7.3;eor
       3126;20250915;   10;  14.6;   4.1;    9;   5.5;   6;-999;   0;   4.9;  13.8;  998.50;   17.7;   69.00;   22.7;   12.3;   10.9;eor
       3126;20250916;   10;  16.6;   5.7;    9;   0.9;   6;-999;   0;   6.6;  11.4; 1002.60;   16.0;   64.00;   19.9;   12.9;   11.4;eor
       3126;20250917;   10;  11.3;   4.4;    9;   0.3;   6;-999;   0;   6.7;  12.1; 1009.00;   15.7;   68.00;   19.8;   12.4;   10.5;eor
       3126;20250918;   10;  12.1;   3.9;    9;   0.0;   0;-999;   0;   7.2;  16.4; 1010.10;   18.7;   76.00;   23.2;   14.7;   14.0;eor
       3126;20250919;   10;   6.9;   2.2;    9;   0.0;   0;-999;   0;   4.3;  16.8; 1012.90;   20.5;   71.00;   26.9;   15.6;   11.2;eor
       3126;20250920;   10;   7.4;   2.3;    9;   0.0;   0;-999;   0;   2.3;  14.9; 1005.00;   22.5;   59.00;   31.6;   12.2;    7.6;eor
       3126;20250921;   10;  11.8;   3.2;    9;   4.0;   6;-999;   0;   7.1;  15.5; 1002.70;   19.2;   70.00;   24.0;   12.4;   11.0;eor
       3126;20250922;   10;   7.7;   2.0;    9;   0.0;   0;-999;   0;   6.1;  10.3; 1010.10;   11.8;   75.00;   15.5;    6.1;    2.5;eor
       3126;20250923;   10;   7.7;   1.9;    9;   0.0;   0;-999;   0;   2.3;   9.1; 1014.30;   11.0;   71.00;   17.5;    4.6;    1.2;eor
       3126;20250924;   10;  13.5;   3.5;    9;   0.0;   0;-999;   0;   0.5;   8.5; 1016.10;   11.8;   64.00;   17.4;    4.6;    0.7;eor
       3126;20250925;   10;  12.1;   4.1;    9;   0.2;   6;-999;   0;   6.8;   8.0; 1015.20;   11.3;   60.00;   14.1;    8.6;    6.5;eor
       3126;20250926;   10;   9.9;   3.0;    9;   0.4;   6;-999;   0;   6.9;   9.5; 1014.60;   12.9;   64.00;   16.0;   10.8;   10.1;eor
       3126;20250927;   10;   6.7;   2.0;    9;   0.0;   6;-999;   0;   7.9;  12.2; 1013.10;   15.2;   71.00;   18.0;   13.1;   12.3;eor
       3126;20250928;   10;   5.9;   1.6;    9;   0.0;   0;-999;   0;   3.6;  11.3; 1013.10;   15.0;   67.00;   21.6;    8.5;    4.2;eor
       3126;20250929;   10;   7.2;   1.6;    9;   0.0;   0;-999;   0;   0.9;   8.9; 1013.30;   11.3;   69.00;   18.7;    4.2;    0.7;eor
       3126;20250930;   10;   7.6;   2.1;    9;   0.0;   0;-999;   0;   2.0;   8.4; 1016.30;   10.4;   69.00;   16.9;    3.8;   -0.3;eor
       3126;20251001;   10;   6.1;   1.4;    9;   0.0;   0;-999;   0;   5.4;   8.4; 1021.70;    8.1;   79.00;   13.2;    2.0;   -2.1;eor
       3126;20251002;   10;   5.6;   1.3;    9;   0.0;   0;-999;   0;   0.2;   8.1; 1020.30;    8.2;   77.00;   15.8;    1.3;   -2.2;eor
       3126;20251003;   10;   8.9;   2.2;    9;   0.1;   6;-999;   0;   2.0;   7.5; 1012.60;    9.1;   68.00;   16.6;    1.0;   -3.2;eor
       3126;20251004;   10;  13.7;   4.0;    9;   4.8;   6;-999;   0;   6.3;  10.0;  991.40;   11.0;   75.00;   14.1;    8.5;    7.1;eor
       3126;20251005;   10;  14.1;   5.8;    9;   0.0;   6;-999;   0;   6.4;  10.1;  996.50;   11.9;   72.00;   15.3;    9.2;    6.7;eor
       3126;20251006;   10;  12.7;   4.3;    9;   0.6;   6;-999;   0;   7.0;  12.2; 1007.20;   12.5;   84.00;   14.4;   10.5;    8.8;eor
       3126;20251007;   10;   6.7;   1.7;    9;   4.6;   6;-999;   0;   7.8;  14.5; 1013.40;   14.4;   88.00;   16.9;   12.6;   11.6;eor
       3126;20251008;   10;   5.8;   1.7;    9;   0.4;   6;-999;   0;   8.0;  15.2; 1010.80;   14.5;   92.00;   16.2;   12.7;   11.3;eor
       3126;20251009;   10;   6.8;   2.1;    9;   0.0;   6;-999;   0;   7.8;  12.5; 1013.10;   13.3;   82.00;   15.6;   10.5;    7.4;eor
       3126;20251010;   10;  11.3;   3.4;    9;   0.2;   6;-999;   0;   7.2;  13.0; 1018.30;   14.0;   81.00;   15.3;   12.4;   11.1;eor
       3126;20251011;   10;   9.6;   2.8;    9;   0.0;   0;-999;   0;   7.9;  13.1; 1020.60;   14.4;   80.00;   15.7;   12.5;   10.5;eor
       3126;20251012;   10;   9.0;   2.7;    9;   0.0;   6;-999;   0;   7.7;  12.7; 1017.40;   13.5;   82.00;   15.3;   11.3;    8.2;eor
       3126;20251013;   10;   5.2;   1.5;    9;   0.0;   0;-999;   0;   5.6;  11.3; 1016.40;   12.2;   80.00;   17.1;    5.7;    2.1;eor
       3126;20251014;   10;   7.7;   1.7;    9;   0.1;   6;-999;   0;   6.4;  11.8; 1014.10;   10.9;   90.00;   14.1;    5.2;    1.7;eor
       3126;20251015;   10;   6.1;   1.5;    9;   0.7;   6;-999;   0;   7.6;  12.0; 1014.90;   12.3;   84.00;   15.6;   11.0;   10.2;eor
       3126;20251016;   10;   8.6;   2.5;    9;   1.5;   6;-999;   0;   7.3;  12.3; 1011.70;   11.7;   89.00;   14.0;    9.8;    7.5;eor
       3126;20251017;   10;   7.5;   2.1;    9;   2.5;   6;-999;   0;   7.4;  11.4; 1011.10;   11.0;   87.00;   13.1;    7.4;    5.0;eor
       3126;20251018;   10;   5.3;   1.3;    9;   0.0;   0;-999;   0;   0.8;   7.1; 1017.00;    6.1;   77.00;   12.2;    0.5;   -2.9;eor
       3126;20251019;   10;   7.6;   2.3;    9;   0.0;   0;-999;   0;   4.7;   6.6; 1009.10;    5.0;   77.00;   11.1;   -0.1;   -3.2;eor
       3126;20251020;   10;  10.0;   3.2;    9;   3.9;   6;-999;   0;   6.6;   9.0;  995.00;    9.0;   78.00;   14.3;    3.8;    1.6;eor
       3126;20251021;   10;  11.8;   3.9;    9;   0.0;   6;-999;   0;   6.8;  11.3;  988.30;   12.8;   77.00;   16.9;    9.2;    6.2;eor
       3126;20251022;   10;   6.9;   2.0;    9;   0.2;   6;-999;   0;   7.5;  12.2;  989.20;   12.6;   84.00;   17.3;    8.1;    4.4;eor
       3126;20251023;   10;  13.0;   4.0;    9;   0.7;   6;-999;   0;   7.8;  12.5;  978.20;   13.5;   80.00;   16.5;   11.3;    9.7;eor
       3126;20251024;   10;  17.9;   5.4;    9;   0.0;   0;-999;   0;   6.4;   8.3;  986.90;   10.7;   65.00;   13.0;    8.2;    5.6;eor
       3126;20251025;   10;  12.7;   4.5;    9;   0.3;   6;-999;   0;   6.8;   9.0;  987.10;   10.1;   72.00;   12.9;    7.7;    4.8;eor
       3126;20251026;   10;  20.7;   6.5;    9;   2.9;   6;-999;   0;   5.3;   8.0;  987.50;    7.8;   76.00;    9.9;    5.0;    2.8;eor
       3126;20251027;   10;  15.2;   5.4;    9;   1.7;   6;-999;   0;   5.9;   8.5;  985.80;    8.3;   78.00;   11.7;    5.9;    4.0;eor
       3126;20251028;   10;  14.0;   4.7;    9;   3.9;   6;-999;   0;   4.7;   9.5;  993.50;    9.2;   81.00;   11.9;    6.7;    2.8;eor
       3126;20251029;   10;   8.5;   3.2;    9;   1.6;   6;-999;   0;   6.5;  10.0;  996.00;   10.8;   77.00;   15.6;    7.4;    3.7;eor
       3126;20251030;   10;  16.2;   4.5;    9;   1.5;   6;-999;   0;   4.6;   9.8;  995.20;   10.4;   77.00;   12.8;    4.4;    0.1;eor
       3126;20251031;   10;   7.7;   2.0;    9;   0.0;   0;-999;   0;   5.9;   8.4; 1005.00;    7.1;   83.00;   12.7;    1.3;   -1.7;eor
       3126;20251101;   10;   5.9;   2.2;    9;   7.4;   6;-999;   0;   4.8;  11.6; 1001.70;   10.5;   90.00;   14.4;    5.1;    1.4;eor
       3126;20251102;   10;   6.9;   1.7;    9;   0.0;   6;-999;   0;   7.5;  11.4; 1001.50;   10.4;   90.00;   13.8;    8.2;    4.7;eor
       3126;20251103;   10;  10.2;   3.6;    9;   0.0;   0;-999;   0;   5.7;   9.5; 1007.60;   10.7;   74.00;   13.2;    9.0;    6.7;eor
       3126;20251104;   10;   8.2;   3.3;    9;   0.0;   0;-999;   0;   7.8;  10.7; 1011.10;   11.9;   77.00;   15.5;    8.3;    5.4;eor
       3126;20251105;   10;   7.3;   2.1;    9;   0.0;   0;-999;   0;   5.0;   9.5; 1008.60;   10.7;   75.00;   18.9;    5.8;    1.4;eor
       3126;20251106;   10;   7.3;   2.3;    9;   0.0;   0;-999;   0;   1.2;   8.4; 1003.10;    7.1;   84.00;   12.8;    3.1;   -0.4;eor
       3126;20251107;   10;   4.2;   1.1;    9;   0.0;   0;-999;   0;   2.0;   7.1; 1001.60;    3.9;   88.00;   11.7;   -1.0;   -3.5;eor
       3126;20251108;   10;   3.5;   1.1;    9;   0.1;   6;-999;   0;   7.8;   8.0; 1004.10;    4.0;   97.00;    6.6;   -0.5;   -2.8;eor
       3126;20251109;   10;   3.5;   1.1;    9;   0.7;   6;-999;   0;   7.7;  10.2; 1005.60;    8.6;   91.00;   10.8;    5.8;    2.8;eor
       3126;20251110;   10;   5.0;   1.4;    9;   0.5;   6;-999;   0;   4.6;  10.2; 1004.80;    8.8;   90.00;   13.1;    3.4;   -1.0;eor
       3126;20251111;   10;   5.8;   1.8;    9;   0.8;   6;-999;   0;   6.8;   9.4; 1003.90;    7.7;   89.00;   12.1;    3.5;   -0.3;eor
       3126;20251112;   10;   7.9;   2.5;    9;   0.0;   0;-999;   0;   5.8;   9.3; 1004.00;    8.2;   85.00;   12.8;    3.7;   -0.2;eor
       3126;20251113;   10;   7.9;   2.4;    9;   0.0;   6;-999;   0;   6.3;  10.6; 1000.80;   12.4;   74.00;   18.0;    6.3;    2.0;eor
       3126;20251114;   10;   6.6;   1.7;    9;   3.2;   6;-999;   0;   7.1;  11.3;  999.10;   10.9;   87.00;   12.9;    8.1;    7.5;eor
       3126;20251115;   10;   8.3;   3.0;    9;   6.8;   6;-999;   0;   7.9;   9.2; 1003.20;    6.7;   94.00;    8.1;    6.0;    5.5;eor
       3126;20251116;   10;   6.3;   1.7;    9;   4.7;   6;-999;   0;   7.8;   9.5;  996.10;    6.7;   96.00;    9.8;    4.1;    2.2;eor
       3126;20251117;   10;   8.3;   2.3;    9;   0.5;   6;-999;   0;   5.6;   7.0;  998.70;    3.7;   88.00;    6.3;    1.3;   -0.8;eor
       3126;20251118;   10;  10.8;   4.1;    9;   1.1;   6;-999;   0;   5.9;   6.6; 1004.70;    4.1;   81.00;    6.2;    1.7;   -0.1;eor
       3126;20251119;   10;   9.3;   3.1;    9;   2.0;   6;-999;   0;   6.0;   6.3;  995.60;    3.4;   81.00;    5.4;    1.1;   -1.7;eor
       3126;20251120;   10;  11.1;   2.6;    9;   1.6;   8;-999;   0;   5.7;   6.1;  995.90;    1.7;   88.00;    3.8;   -1.9;   -5.4;eor
       3126;20251121;   10;   6.0;   1.6;    9;   0.0;   0;-999;   0;   0.3;   4.6; 1011.70;   -1.3;   84.00;    3.1;   -4.8;   -7.8;eor
       3126;20251122;   10;   5.2;   1.7;    9;   0.0;   0;-999;   0;   1.5;   4.6; 1015.40;   -0.9;   81.00;    4.6;   -4.2;   -6.8;eor
       3126;20251123;   10;   9.3;   3.0;    9;   1.7;   7;-999;   0;   3.2;   4.1; 1002.60;   -2.2;   78.00;    1.1;   -4.9;   -7.2;eor
       3126;20251124;   10;   8.0;   2.5;    9;   0.0;   6;-999;   1;   5.4;   5.8;  988.00;    1.3;   86.00;    5.0;   -2.1;   -5.7;eor
       3126;20251125;   10;   4.4;   1.4;    9;   0.0;   6;-999;   0;   7.0;   6.6;  994.60;    2.2;   92.00;    4.5;   -0.6;   -4.7;eor
       3126;20251126;   10;   6.1;   2.1;    9;   0.0;   0;-999;   0;   6.8;   6.2; 1007.40;    2.2;   87.00;    5.3;   -0.5;   -2.4;eor
       3126;20251127;   10;   7.8;   2.9;    9;   0.0;   6;-999;   0;   5.8;   5.9; 1009.90;    3.3;   77.00;    5.8;   -1.2;   -4.3;eor
       3126;20251128;   10;   6.8;   2.5;    9;   2.8;   6;-999;   0;   7.9;   8.2; 1005.50;    6.4;   85.00;    8.1;    4.9;    3.2;eor
       3126;20251129;   10;   7.4;   2.1;    9;   0.0;   0;-999;   0;   7.8;   8.9; 1001.80;    6.8;   90.00;   10.0;    4.8;    1.7;eor
       3126;20251130;   10;   7.0;   2.1;    9;   0.4;   6;-999;   0;   7.6;   8.6; 1000.70;    6.6;   88.00;    8.8;    4.5;    1.4;eor
       3126;20251201;   10;   6.9;   2.8;    9;   0.0;   6;-999;   0;   6.5;   6.4; 1007.00;    4.1;   78.00;    7.5;    0.3;   -1.7;eor
       3126;20251202;   10;   7.4;   2.9;    9;   0.0;   6;-999;   0;   5.4;   6.6; 1003.30;    3.8;   82.00;    7.4;   -0.2;   -1.7;eor
       3126;20251203;   10;   5.5;   2.0;    9;   0.0;   0;-999;   0;   8.0;   7.5; 1003.10;    5.2;   84.00;    6.6;    3.4;    2.4;eor
       3126;20251204;   10;   6.6;   2.0;    9;   0.0;   0;-999;   0;   6.0;   6.2; 1000.10;    2.0;   87.00;    4.3;   -0.9;   -2.9;eor
       3126;20251205;   10;   3.1;   1.0;    9;   0.0;   6;-999;   0;   4.9;   6.0; 1001.20;    1.1;   92.00;    3.1;   -0.5;   -3.3;eor
       3126;20251206;   10;   7.6;   2.9;    9;   0.8;   6;-999;   0;   7.1;   7.0;  998.80;    3.9;   87.00;    6.7;    0.4;   -2.2;eor
       3126;20251207;   10;   7.3;   2.6;    9;   3.7;   6;-999;   0;   7.3;   9.5;  998.70;    8.2;   87.00;   11.5;    6.1;    2.6;eor
       3126;20251208;   10;   7.3;   3.1;    9;   4.8;   6;-999;   0;   5.3;  11.9; 1001.60;   11.6;   87.00;   14.8;    8.1;    4.6;eor
       3126;20251209;   10;   6.8;   2.4;    9;   0.5;   6;-999;   0;   7.4;  12.3; 1004.00;   11.6;   90.00;   12.9;   10.1;    6.7;eor
       3126;20251210;   10;   6.9;   2.8;    9;   0.0;   6;-999;   0;   7.4;  11.6; 1006.90;   11.4;   85.00;   12.7;   10.2;    7.5;eor
       3126;20251211;   10;   9.4;   2.8;    9;   0.0;   0;-999;   0;   3.9;   9.0; 1012.20;    8.4;   81.00;   11.7;    3.2;   -1.0;eor
       3126;20251212;   10;   4.3;   1.2;    9;   0.0;   0;-999;   0;   4.6;   7.3; 1013.40;    3.0;   95.00;    5.4;   -0.5;   -3.3;eor
       3126;20251213;   10;   7.4;   2.2;    9;   0.0;   6;-999;   0;   5.7;   8.6; 1016.20;    6.2;   90.00;    9.6;    1.2;   -2.6;eor
       3126;20251214;   10;   5.3;   1.6;    9;   0.0;   0;-999;   0;   4.2;   6.7; 1014.70;    2.3;   93.00;    6.7;   -1.0;   -3.9;eor
       3126;20251215;   10;   7.7;   2.2;    9;   0.0;   4;-999;   0;   1.7;   7.2; 1007.50;    3.9;   90.00;    9.7;    0.2;   -3.2;eor
       3126;20251216;   10;   4.4;   1.8;    9;   0.0;   0;-999;   0;   2.9;   6.5; 1006.30;    2.7;   87.00;    7.3;   -0.8;   -3.2;eor
       3126;20251217;   10;   6.6;   1.8;    9;   0.0;   0;-999;   0;   4.8;   6.6; 1007.30;    2.7;   87.00;    8.2;   -2.7;   -5.2;eor
       3126;20251218;   10;   8.9;   3.0;    9;   0.0;   0;-999;   0;   3.8;   8.4; 1009.50;    6.8;   86.00;   11.6;    3.8;    0.0;eor
       3126;20251219;   10;   8.3;   3.1;    9;   0.0;   6;-999;   0;   7.0;   9.0; 1008.10;    8.5;   80.00;   11.3;    3.4;    0.3;eor
       3126;20251220;   10;   4.7;   1.2;    9;   0.0;   6;-999;   0;   7.9;   9.5; 1009.10;    7.3;   93.00;    8.8;    4.7;    0.7;eor
       3126;20251221;   10;   6.8;   2.2;    9;   0.0;   0;-999;   0;   7.8;   9.4; 1006.90;    7.3;   92.00;    9.0;    6.2;    4.7;eor
       3126;20251222;   10;   8.6;   3.2;    9;   0.0;   6;-999;   0;   8.0;   8.0; 1006.80;    4.7;   93.00;    6.5;    2.4;-999;eor
       3126;20251223;   10;  10.7;   3.6;    9;   0.0;   0;-999;   0;   7.0;   5.8; 1013.40;    2.1;   82.00;    3.0;    0.5;-999;eor
       3126;20251224;   10;  10.1;   3.7;    9;   0.0;   0;-999;   0;   2.5;   4.1; 1023.50;   -1.8;   77.00;    0.5;   -6.5;-999;eor
       3126;20251225;   10;   7.3;   2.4;    9;   0.0;   0;-999;   0;   1.9;   3.0; 1025.50;   -6.5;   80.00;   -3.8;   -8.5;-999;eor
       3126;20251226;   10;   2.9;   0.9;    9;   0.0;   0;-999;   0;   4.3;   3.2; 1024.20;   -6.1;   82.00;   -1.3;   -9.6;-999;eor
       3126;20251227;   10;   9.1;   2.0;    9;   0.0;   6;-999;   0;   5.8;   5.3; 1020.80;   -1.5;   93.00;    3.8;   -7.4;-999;eor
       3126;20251228;   10;   5.7;   1.9;    9;   0.0;   6;-999;   0;   3.5;   5.4; 1019.60;   -0.6;   93.00;    3.7;   -3.4;-999;eor
       3126;20251229;   10;  10.1;   3.4;    9;   0.2;   8;-999;   0;   7.8;   6.7; 1009.90;    2.9;   89.00;    4.7;   -0.6;-999;eor
       3126;20251230;   10;   8.5;   2.3;    9;   0.1;   7;-999;   0;   2.5;   4.7; 1013.60;   -0.1;   78.00;    2.3;   -3.1;-999;eor
       3126;20251231;   10;  13.0;   4.4;    9;   2.1;   8;-999;   0;   7.3;   6.2; 1006.40;    1.7;   88.00;    4.2;   -2.8;-999;eor
       3126;20260101;    3;  17.2;   7.0;    3;   0.1;   6;-999;   0;   7.2;   5.8;  989.90;    3.3;   76.00;    4.1;    2.3;-999;eor
       3126;20260102;    3;  15.6;   7.0;    3;   0.5;   8;-999;   0;   5.6;   5.4;  981.30;    1.9;   78.00;    2.8;    0.0;-999;eor
       3126;20260103;    3;  17.4;   5.5;    3;   0.9;   8;-999;   1;   5.6;   5.1;  987.50;    0.8;   78.00;    2.4;   -1.4;-999;eor
       3126;20260104;    3;  10.1;   3.3;    3;   1.4;   7;-999;   2;   6.6;   4.9;  995.40;   -0.3;   82.00;    1.8;   -3.9;-999;eor
       3126;20260105;    3;   6.6;   2.6;    3;   0.4;   7;-999;   4;   5.6;   4.1; 1001.30;   -1.7;   76.00;    0.9;   -8.4;   -8.5;eor
       3126;20260106;    3;   4.9;   1.6;    3;   0.1;   7;-999;   5;   5.8;   3.8; 1004.30;   -4.5;   87.00;   -1.6;   -8.3;  -16.9;eor
       3126;20260107;    3;   9.6;   2.8;    3;   0.2;   7;-999;   4;   2.3;   3.1; 1002.10;   -5.9;   80.00;   -1.9;   -9.5;  -16.2;eor
       3126;20260108;    3;   6.5;   2.3;    3;   0.7;   8;-999;   5;   6.7;   4.2;  997.20;   -3.0;   84.00;    1.7;   -6.9;   -8.4;eor
       3126;20260109;    3;  12.4;   4.5;    3;  13.4;   8;-999;   5;   7.5;   4.2;  987.60;   -3.1;   87.00;   -1.7;   -5.1;   -6.5;eor
       3126;20260110;    3;  11.0;   2.8;    3;   0.0;   7;-999;  14;   5.4;   3.2; 1000.80;   -5.4;   79.00;   -2.8;  -10.8;   -3.8;eor
       3126;20260111;    3;   6.3;   2.1;    3;   0.0;   0;-999;  13;   0.3;   2.6; 1013.40;   -9.3;   86.00;   -4.6;  -14.8;   -5.2;eor
       3126;20260112;    3;   7.7;   2.5;    3;   2.4;   8;-999;  13;   7.3;   4.4; 1003.50;   -3.5;   87.00;    1.4;  -14.6;   -5.2;eor
       3126;20260113;    3;   6.8;   1.8;    3;   0.2;   6;-999;  10;   7.7;   7.3; 1001.30;    3.3;   94.00;    6.1;    0.7;   -0.1;eor
       3126;20260114;    3;   6.1;   2.1;    3;   2.3;   6;-999;   6;   6.5;   7.6; 1002.40;    3.8;   93.00;    7.3;   -1.2;   -6.7;eor
       3126;20260115;    3;   6.8;   2.5;    3;   0.0;   0;-999;   3;   6.3;   8.3; 1004.00;    5.3;   92.00;    9.9;    1.0;   -0.1;eor
       3126;20260116;    3;   6.2;   2.4;    3;   0.0;   0;-999;   0;   5.6;   7.6; 1006.30;    5.0;   87.00;   10.9;    1.2;   -2.9;eor
       3126;20260117;    3;   6.8;   2.1;    3;   0.0;   0;-999;   0;   4.7;   6.4; 1012.60;    2.3;   88.00;    5.6;   -1.3;   -4.7;eor
       3126;20260118;    3;  10.2;   2.8;    3;   0.0;   0;-999;   0;   2.3;   5.9; 1014.40;    3.2;   77.00;    6.3;   -0.3;   -2.8;eor
       3126;20260119;    3;   9.5;   3.1;    3;   0.0;   0;-999;   0;   0.0;   4.2; 1012.30;    1.0;   65.00;    5.0;   -1.7;   -3.6;eor
       3126;20260120;    3;   6.9;   2.5;    3;   0.0;   0;-999;   0;   0.0;   4.2; 1009.50;   -0.7;   72.00;    3.2;   -3.6;   -5.5;eor
       3126;20260121;    3;   5.0;   1.7;    3;   0.0;   0;-999;   0;   0.0;   4.1;  998.30;   -1.7;   76.00;    4.0;   -5.0;   -7.2;eor
       3126;20260122;    3;   6.6;   1.9;    3;   0.0;   0;-999;   0;   3.2;   3.7;  992.00;   -3.4;   78.00;    1.1;   -6.8;   -9.0;eor
       3126;20260123;    3;   7.7;   2.7;    3;   0.0;   0;-999;   0;   6.7;   3.6;  993.40;   -4.5;   82.00;   -2.6;   -6.7;   -8.7;eor
       3126;20260124;    3;   6.5;   2.3;    3;   0.0;   7;-999;   0;   8.0;   4.2;  996.60;   -2.7;   83.00;   -1.3;   -4.5;   -4.9;eor
       3126;20260125;    3;   7.7;   2.8;    3;   6.7;   8;-999;   0;   8.0;   4.7;  992.70;   -1.6;   86.00;   -1.2;   -2.1;   -2.4;eor
       3126;20260126;    3;   6.2;   2.3;    3;   3.9;   8;-999;   4;   7.9;   5.3;  987.30;   -1.1;   94.00;    0.0;   -2.2;   -2.5;eor
       3126;20260127;    3;   6.5;   1.6;    3;   0.0;   6;-999;   7;   6.1;   5.3;  991.60;   -0.9;   93.00;    0.4;   -3.8;   -5.0;eor
       3126;20260128;    3;   9.2;   3.3;    3;   0.0;   0;-999;   6;   7.8;   5.0;  989.30;   -1.0;   87.00;    0.4;   -1.9;   -1.6;eor
       3126;20260129;    3;   8.7;   2.9;    3;   2.9;   8;-999;   6;   7.9;   4.9;  992.40;   -1.1;   87.00;   -0.4;   -2.9;   -1.4;eor
       3126;20260130;    3;   6.1;   2.3;    3;   0.0;   0;-999;   9;   8.0;   4.7;  993.80;   -1.7;   88.00;   -0.4;   -3.0;   -1.5;eor
       3126;20260131;    3;   8.4;   3.1;    3;   0.0;   0;-999;   8;   8.0;   4.6;  998.80;   -1.7;   84.00;   -0.4;   -4.3;   -1.9;eor
       3126;20260201;    3;   8.2;   3.0;    3;   0.0;   7;-999;   8;   8.0;   3.3; 1003.22;   -4.8;   76.08;   -3.6;   -5.6;   -2.3;eor
       3126;20260202;    3;   8.9;   3.2;    3;   0.0;   0;-999;   7;   8.0;   2.8; 1000.41;   -6.0;   72.50;   -4.6;   -7.0;   -3.1;eor
       3126;20260203;    3;   9.7;   3.7;    3;   0.0;   8;-999;   7;   8.0;   2.8;  998.05;   -5.3;   68.92;   -4.3;   -6.7;   -3.1;eor
       3126;20260204;    3;   8.8;   2.8;    3;   1.0;   8;-999;   7;   7.7;   3.8;  994.70;   -3.9;   82.88;   -2.5;   -4.7;   -3.1;eor
       3126;20260205;    3;   8.2;   2.3;    3;   0.0;   6;-999;   7;   8.0;   4.8;  986.75;   -2.4;   92.67;   -0.2;   -4.4;   -2.3;eor
       3126;20260206;    3;   4.0;   1.5;    3;   0.0;   6;-999;   6;   8.0;   6.1;  985.21;    0.6;   95.88;    1.4;   -0.2;   -0.5;eor
       3126;20260207;    3;   2.6;   0.9;    3;   2.0;   6;-999;   5;   8.0;   6.7;  994.58;    1.7;   96.38;    3.7;    0.5;    0.0;eor
       3126;20260208;    3;   5.3;   1.7;    3;   0.3;   8;-999;   2;   8.0;   6.4; 1001.46;    1.0;   97.04;    1.7;    0.2;   -0.2;eor
       3126;20260209;    3;   5.8;   2.0;    3;   0.0;   0;-999;   2;   8.0;   6.2; 1000.19;    0.9;   94.08;    1.7;    0.2;   -0.2;eor
       3126;20260210;    3;   8.0;   2.5;    3;   0.1;   6;-999;   1;   7.1;   6.5;  988.44;    3.5;   83.00;    7.3;    1.0;   -1.1;eor
       3126;20260211;    3;   4.9;   1.7;    3;   3.1;   6;-999;   0;   7.9;   8.3;  975.07;    5.3;   93.00;    7.2;    3.4;    1.3;eor
       3126;20260212;    3;  11.1;   2.4;    3;   4.4;   6;-999;   0;   7.7;   9.2;  969.90;    6.2;   96.29;    8.2;    4.1;    1.0;eor
       3126;20260213;    3;   6.4;   2.0;    3;   1.9;   8;-999;   0;   7.9;   6.6;  982.31;    1.9;   94.42;    4.8;    0.3;   -0.3;eor
       3126;20260214;    3;   7.4;   2.9;    3;   0.0;   8;-999;   0;   8.0;   5.1;  998.89;    0.3;   82.29;    1.4;   -1.3;   -1.8;eor
       3126;20260215;    3;  10.3;   2.7;    3;   0.4;   7;-999;   0;   4.6;   3.8; 1005.39;   -1.4;   70.04;    1.6;   -2.8;   -3.7;eor
       3126;20260216;    3;   9.9;   3.1;    3;   3.2;   8;-999;   0;   7.4;   4.4;  987.11;   -2.3;   84.33;   -1.0;   -3.7;   -4.0;eor
       3126;20260217;    3;   9.2;   1.4;    3;   3.8;   8;-999;   5;   7.4;   5.9;  993.07;    0.5;   91.29;    4.4;   -2.0;   -2.1;eor
       3126;20260218;    3;   7.2;   2.4;    3;   0.4;   7;-999;   1;   7.8;   5.1; 1002.65;   -0.4;   84.58;    2.2;   -2.6;   -3.6;eor
       3126;20260219;    3;   9.6;   2.8;    3;   0.0;   0;-999;   1;   5.6;   3.8; 1002.58;   -2.4;   75.25;    1.3;   -4.8;   -9.2;eor
       3126;20260220;    3;   9.2;   2.9;    3;   0.3;   6;-999;   0;   3.8;   4.1; 1011.30;   -1.9;   75.71;    3.2;   -9.3;  -12.6;eor
       3126;20260221;    3;  10.8;   4.2;    3;   1.5;   6;-999;   0;   7.3;   8.2; 1005.82;    6.8;   82.00;   10.2;    2.4;    1.1;eor
       3126;20260222;    3;  11.0;   3.7;    3;   7.7;   6;-999;   0;   7.7;  11.0; 1003.30;    9.8;   90.17;   12.4;    7.0;    4.6;eor
       3126;20260223;    3;  14.0;   4.3;    3;   3.7;   6;-999;   0;   6.3;   9.2; 1001.13;    8.6;   82.17;   11.8;    6.5;    4.0;eor
       3126;20260224;    3;   6.0;   2.0;    3;   0.0;   0;-999;   0;   6.0;   8.7; 1008.49;    7.2;   86.42;   11.7;    2.6;   -0.8;eor
       3126;20260225;    3;   6.8;   1.8;    3;   0.0;   0;-999;   0;   3.3;   8.8; 1012.60;    7.5;   84.46;   15.4;    0.4;   -1.6;eor
       3126;20260226;    3;   6.6;   2.5;    3;   0.0;   0;-999;   0;   1.5;  10.1; 1010.36;    9.9;   82.04;   16.8;    3.5;    0.4;eor
       3126;20260227;    3;   8.2;   2.9;    3;   0.0;   0;-999;   0;   2.3;  10.7; 1007.52;   12.6;   74.83;   19.9;    6.4;    2.4;eor
       3126;20260228;    3;  12.0;   3.1;    3;   0.0;   0;-999;   0;   5.4;   9.3; 1007.55;   11.6;   69.00;   17.6;    5.6;    1.6;eor
       3126;20260301;    3;  11.4;   2.5;    3;   0.0;   0;-999;   0;   0.9;   6.9; 1013.54;    7.9;   66.46;   12.8;    3.5;   -1.1;eor
       3126;20260302;    3;   7.9;   2.2;    3;   0.0;   0;-999;   0;   2.4;   7.1; 1013.94;    8.5;   65.08;   15.6;    2.9;   -1.8;eor
       3126;20260303;    3;   4.1;   1.3;    3;   0.0;   0;-999;   0;   3.3;   8.0; 1015.72;    8.7;   72.46;   17.3;    1.0;   -2.6;eor
       3126;20260304;    3;   4.9;   1.6;    3;   0.0;   0;-999;   0;   1.2;   7.1; 1018.13;    6.7;   74.00;   13.1;    1.2;   -3.1;eor
       3126;20260305;    3;   6.3;   2.0;    3;   0.0;   0;-999;   0;   0.0;   6.2; 1015.13;    7.2;   62.50;   15.8;    0.3;   -3.4;eor
       3126;20260306;    3;   5.7;   1.8;    3;   0.0;   0;-999;   0;   0.0;   6.4; 1013.37;    7.1;   64.83;   17.0;   -1.0;   -4.8;eor
       3126;20260307;    3;   3.7;   0.9;    3;   0.0;   0;-999;   0;   1.8;   7.2; 1015.09;    7.4;   72.42;   17.5;   -0.3;   -3.6;eor
       3126;20260308;    3;   7.0;   1.8;    3;   0.0;   0;-999;   0;   4.5;   7.5; 1015.91;    9.5;   66.04;   17.7;    2.7;   -0.5;eor
       3126;20260309;    3;   4.8;   1.4;    3;   0.0;   0;-999;   0;   3.7;   7.3; 1010.86;    8.0;   69.08;   15.8;    0.3;   -3.1;eor
       3126;20260310;    3;   7.2;   1.3;    3;   1.7;   6;-999;   0;   3.8;   8.9; 1006.77;   10.2;   73.38;   18.2;    2.6;   -1.6;eor
       3126;20260311;    3;  13.2;   3.8;    3;   2.3;   6;-999;   0;   6.2;  10.2; 1004.05;   11.3;   76.92;   16.3;    6.2;    3.2;eor
       3126;20260312;    3;  10.9;   3.6;    3;   0.0;   0;-999;   0;   3.7;   7.8; 1009.02;    9.3;   67.88;   13.8;    5.3;   -0.1;eor
       3126;20260313;    1;  14.3;   4.4;    1;   0.0;   6;-999;   0;   3.5;   8.2;  997.30;   10.1;   66.63;   15.5;    3.5;    0.1;eor
       3126;20260314;    1;   7.5;   1.7;    1;   0.7;   6;-999;   0;   6.5;   8.6;  991.02;    7.0;   86.04;   11.7;    5.0;    3.5;eor
       3126;20260315;    1;   4.8;   1.4;    1;   0.0;   0;-999;   0;   6.3;   7.4; 1003.59;    5.5;   82.79;    8.7;    1.4;   -3.1;eor
       3126;20260316;    1;  14.2;   3.6;    1;   1.0;   6;-999;   0;   4.3;   6.9; 1003.33;    4.4;   82.13;    9.7;    0.9;   -3.1;eor
       3126;20260317;    1;   6.1;   1.9;    1;   0.0;   0;-999;   0;   4.0;   6.4; 1013.00;    6.0;   70.46;   12.8;   -0.6;   -3.9;eor
       3126;20260318;    1;   8.2;   1.9;    1;   0.0;   0;-999;   0;   0.1;   6.4; 1018.87;    6.9;   66.67;   15.0;   -1.4;   -5.2;eor
       3126;20260319;    1;   5.5;   1.3;    1;   0.0;   0;-999;   0;   2.2;   6.9; 1015.82;    7.7;   68.46;   15.8;   -0.7;   -3.7;eor
       3126;20260320;    1;   6.6;   1.9;    1;   0.0;   0;-999;   0;   5.6;   7.6; 1010.59;    9.1;   67.13;   14.6;    3.4;   -1.3;eor
       3126;20260321;    1;   7.0;   2.1;    1;   0.0;   6;-999;   0;   5.8;   8.2; 1009.53;    7.5;   79.92;   11.2;    1.7;   -1.4;eor
       3126;20260322;    1;   8.0;   1.9;    1;   0.0;   0;-999;   0;   0.5;   6.0; 1008.57;    7.1;   63.79;   15.6;   -1.3;   -4.4;eor
       3126;20260323;    1;   7.8;   1.3;    1;   0.0;   0;-999;   0;   2.2;   6.3; 1008.18;    8.4;   59.67;   16.3;   -0.3;   -4.0;eor
       3126;20260324;    1;   9.5;   3.3;    1;   0.0;   0;-999;   0;   7.5;   6.9; 1005.49;   11.4;   52.13;   16.7;    3.5;   -1.5;eor
       3126;20260325;    1;  17.8;   4.7;    1;   0.2;   6;-999;   0;   6.8;   7.3;  990.24;    8.8;   65.71;   12.9;    2.5;   -2.2;eor
       3126;20260326;    1;  11.9;   3.2;    1;   0.3;   6;-999;   0;   3.8;   5.7; 1000.97;    4.5;   67.75;    9.0;    0.0;   -3.9;eor
       3126;20260327;    1;   8.0;   2.3;    1;   0.0;   0;-999;   0;   1.8;   5.2; 1010.92;    3.5;   67.75;    9.4;   -1.0;   -5.5;eor
       3126;20260328;    1;   8.4;   2.8;    1;   3.5;   6;-999;   0;   6.0;   6.5; 1008.23;    3.8;   79.75;    8.1;   -0.8;   -5.3;eor
       3126;20260329;    1;   7.8;   2.4;    1;   0.3;   6;-999;   0;   5.9;   6.6; 1013.53;    5.2;   76.08;   10.3;    0.7;   -2.3;eor
       3126;20260330;    1;  11.4;   4.0;    1;   1.0;   6;-999;   0;   5.8;   7.1; 1003.07;    6.4;   74.71;   10.5;    2.9;    1.1;eor
       3126;20260331;    1;  12.0;   2.9;    1;   6.3;   6;-999;   0;   6.3;   7.4; 1012.70;    6.3;   79.17;   11.5;    2.2;   -0.3;eor
       3126;20260401;    1;   4.6;   1.3;    1;   0.0;   0;-999;   0;   3.5;   7.4; 1014.78;    4.9;   86.08;   10.5;    0.4;   -3.1;eor
       3126;20260402;    1;   6.2;   1.6;    1;   0.0;   6;-999;   0;   4.5;   6.7; 1006.21;    7.6;   67.63;   14.4;   -1.0;   -4.4;eor
       3126;20260403;    1;   8.4;   2.9;    1;   1.1;   6;-999;   0;   6.8;   6.8; 1005.31;    8.2;   63.54;   11.9;    1.9;   -1.2;eor
       3126;20260404;    1;  11.9;   3.9;    1;   0.0;   0;-999;   0;   5.4;   8.9; 1005.97;   12.5;   62.50;   15.9;    8.6;    5.2;eor
       3126;20260405;    1;  16.8;   5.3;    1;   0.2;   6;-999;   0;   6.2;   9.8; 1004.31;   12.1;   69.71;   17.7;    7.7;    4.1;eor
       3126;20260406;    1;  13.0;   4.1;    1;   0.0;   0;-999;   0;   1.8;   6.3; 1015.03;    8.5;   58.96;   13.7;    1.8;   -2.7;eor
       3126;20260407;    1;   8.7;   2.4;    1;   0.0;   0;-999;   0;   0.0;   6.0; 1017.06;    7.7;   60.21;   14.9;    0.5;   -3.8;eor
       3126;20260408;    1;   6.1;   1.6;    1;   0.0;   0;-999;   0;   1.3;   4.9; 1018.25;    8.0;   50.08;   15.2;   -0.9;   -5.1;eor
       3126;20260409;    1;   7.0;   2.3;    1;   2.0;   6;-999;   0;   5.0;   4.8; 1013.27;    8.5;   45.33;   14.2;    4.0;    2.0;eor
       3126;20260410;    1;   7.5;   2.1;    1;   1.0;   6;-999;   0;   5.0;   7.1; 1007.37;    6.4;   73.88;   12.1;    2.5;   -1.2;eor
       3126;20260411;    1;   9.8;   2.7;    1;   2.4;   6;-999;   0;   2.0;   6.3; 1006.66;    8.3;   62.04;   14.8;   -0.2;   -3.6;eor
       3126;20260412;    1;   7.6;   1.9;    1;   1.1;   6;-999;   0;   8.0;   8.9; 1005.45;    9.2;   77.04;   12.6;    6.4;    5.3;eor
       3126;20260413;    1;   6.8;   1.9;    1;   0.0;   6;-999;   0;   7.6;   9.6; 1003.42;   10.0;   78.83;   13.1;    6.8;    5.0;eor
       3126;20260414;    1;   8.1;   2.0;    1;   0.0;   6;-999;   0;   5.9;   9.3; 1008.52;    9.6;   78.08;   14.9;    3.5;   -1.2;eor
       3126;20260415;    1;   6.9;   1.7;    1;   0.0;   0;-999;   0;   3.2;   7.8; 1012.88;   10.3;   65.58;   17.0;    1.2;   -2.8;eor
       3126;20260416;    1;   8.8;   1.8;    1;   0.0;   6;-999;   0;   6.1;   9.9; 1010.44;   13.3;   65.75;   20.4;    7.5;    3.4;eor
       3126;20260417;    1;   5.5;   1.6;    1;   0.3;   6;-999;   0;   3.7;   9.7; 1012.61;   14.4;   62.00;   20.9;    5.4;    1.1;eor
       3126;20260418;    1;   8.0;   1.7;    1;   4.5;   6;-999;   0;   6.8;  11.1; 1009.60;   15.9;   62.13;   21.7;   11.4;    7.9;eor
       3126;20260419;    1;  12.0;   2.6;    1;  23.5;   6;-999;   0;   7.7;  11.0; 1006.61;   10.2;   88.00;   12.2;    7.9;    6.7;eor
       3126;20260420;    1;   9.8;   2.7;    1;   5.7;   6;-999;   0;   7.7;   8.5; 1007.66;    5.8;   91.58;    7.9;    3.9;    2.8;eor
       3126;20260421;    1;   7.9;   2.5;    1;   0.0;   0;-999;   0;   1.6;   6.4; 1014.07;    7.8;   63.38;   14.4;    1.0;   -1.1;eor
       3126;20260422;    1;   8.3;   1.8;    1;   0.0;   0;-999;   0;   0.0;   6.0; 1016.15;    9.1;   55.38;   17.5;    0.2;   -3.2;eor
       3126;20260423;    1;  10.5;   2.8;    1;   0.0;   0;-999;   0;   0.3;   8.0; 1013.58;   10.4;   63.17;   17.7;    3.6;    0.7;eor
       3126;20260424;    1;   9.5;   2.7;    1;   0.0;   0;-999;   0;   4.3;   8.9; 1009.58;    9.1;   77.88;   15.1;    3.6;    0.2;eor
       3126;20260425;    1;  11.5;   3.8;    1;   0.0;   0;-999;   0;   3.2;   8.0; 1006.35;   10.2;   66.38;   16.7;    5.0;    3.7;eor
       3126;20260426;    1;   7.5;   1.7;    1;   0.0;   0;-999;   0;   2.7;   6.4; 1014.00;    9.3;   57.54;   15.2;    2.5;   -0.3;eor
       3126;20260427;    1;   6.9;   1.7;    1;   0.0;   0;-999;   0;   4.4;   6.8; 1013.38;   11.2;   53.42;   17.3;    2.2;   -1.6;eor
       3126;20260428;    1;  10.2;   3.1;    1;   0.0;   0;-999;   0;   1.4;   5.4; 1014.92;   11.1;   43.33;   16.5;    3.2;   -0.4;eor
       3126;20260429;    1;   9.4;   2.6;    1;   0.0;   0;-999;   0;   0.0;   5.3; 1019.18;    9.7;   46.79;   15.6;    2.8;   -1.5;eor
       3126;20260430;    1;   5.8;   1.3;    1;   0.0;   0;-999;   0;   0.8;   6.3; 1021.19;   10.8;   52.08;   18.7;    0.6;   -3.2;eor
       3126;20260501;    1;   6.8;   1.5;    1;   0.0;   0;-999;   0;   0.2;   8.8; 1017.84;   14.7;   56.04;   22.6;    4.5;    0.3;eor
       3126;20260502;    1;   9.1;   2.2;    1;   0.0;   0;-999;   0;   1.9;  10.4; 1009.58;   17.7;   55.13;   26.4;    7.0;    2.1;eor
       3126;20260503;    1;   8.8;   2.4;    1;   0.4;   6;-999;   0;   5.3;  10.4; 1002.27;   19.9;   47.79;   27.2;    9.8;    5.3;eor
       3126;20260504;    1;   9.4;   2.3;    1;  -999;   6;-999;   0;   5.8;  13.1; 1002.43;   18.4;   63.46;   23.2;   12.3;    8.5;eor
       3126;20260505;    1;   8.1;   2.1;    1;  -999;   6;-999;   0;   7.0;  15.1;  999.21;   15.2;   87.33;   18.9;   11.9;   11.5;eor
       3126;20260506;    1;   8.0;   2.8;    1;  -999;   6;-999;   0;   7.7;  12.9;  996.47;   11.8;   93.33;   13.3;   10.4;    9.7;eor
       3126;20260507;    1;   8.4;   2.3;    1;   3.0;   6;-999;   0;   7.9;   9.9; 1004.31;    8.6;   88.42;   10.4;    6.4;    3.5;eor
       3126;20260508;    1;   3.6;   1.0;    1;   0.0;   0;-999;   0;   7.5;  10.3; 1010.10;   10.0;   84.38;   12.9;    6.4;    3.4;eor
       3126;20260509;    1;   5.6;   1.5;    1;   0.0;   0;-999;   0;   6.0;  10.3; 1010.12;   12.1;   74.04;   16.2;    6.7;    3.5;eor
       3126;20260510;    1;   5.5;   1.3;    1;   1.7;   6;-999;   0;   3.6;  11.2; 1002.04;   14.1;   71.29;   20.9;    4.5;    1.7;eor
       3126;20260511;    1;  10.8;   2.6;    1;   1.4;   6;-999;   0;   7.6;  11.0;  991.33;   10.2;   87.67;   13.6;    7.0;    4.6;eor
       3126;20260512;    1;  12.9;   3.1;    1;   3.6;   6;-999;   0;   6.7;   7.9;  996.69;    7.2;   78.04;   11.5;    4.5;    1.9;eor
       3126;20260513;    1;  16.0;   3.1;    1;   1.4;   6;-999;   0;   6.1;   9.2;  991.58;    9.9;   75.75;   14.0;    6.9;    4.4;eor
       3126;20260514;    1;  12.2;   2.8;    1;   1.9;   6;-999;   0;   5.9;   9.0;  987.55;    9.4;   77.88;   13.7;    4.2;    1.2;eor
       3126;20260515;    1;   6.8;   1.5;    1;   0.5;   6;-999;   0;   3.2;   8.6;  991.70;    9.3;   75.63;   14.8;    2.6;    0.0;eor
       3126;20260516;    1;  10.1;   2.6;    1;   0.3;   6;-999;   0;   2.4;   8.0;  997.79;    9.4;   69.79;   15.2;    4.0;    0.6;eor
       3126;20260517;    1;   6.8;   1.6;    1;   0.0;   0;-999;   0;   3.8;   8.3; 1004.20;   11.6;   64.13;   18.4;    2.7;   -0.5;eor
       3126;20260518;    1;   8.0;   2.0;    1;   0.6;   6;-999;   0;   5.5;  10.1; 1004.30;   15.2;   61.75;   21.6;    9.3;    6.4;eor
       3126;20260519;    1;  10.1;   1.8;    1;   1.0;   6;-999;   0;   4.9;  11.3; 1007.84;   14.7;   69.67;   20.2;    7.7;    4.9;eor
       3126;20260520;    1;  10.3;   2.7;    1;   1.5;   6;-999;   0;   6.5;  13.7; 1010.31;   15.8;   76.50;   20.1;   12.2;    8.4;eor
       3126;20260521;    1;   8.1;   2.3;    1;   0.0;   0;-999;   0;   6.1;  14.0; 1016.80;   16.3;   76.58;   21.4;   11.9;    7.6;eor
       3126;20260522;    1;   5.4;   1.4;    1;   0.0;   0;-999;   0;   0.8;  14.3; 1018.70;   18.8;   68.96;   25.2;   10.8;    6.7;eor
       3126;20260523;    1;   5.4;   1.5;    1;   0.0;   0;-999;   0;   1.2;  16.1; 1017.68;   21.4;   66.17;   28.6;   12.0;    8.9;eor
       3126;20260524;    1;   8.7;   2.3;    1;   0.0;   0;-999;   0;   1.7;  15.9; 1018.56;   22.1;   61.00;   27.2;   13.9;    9.9;eor
